1.546053 1 0 1 0 1
3.519737 1 1 1 0 0
8.059211 1 0 0 0 0
8.651316 1 0 1 0 0
12.138158 1 0 0 0 1
12.368421 1 0 0 0 0
13.059211 1 0 1 0 1
14.769737 1 0 0 0 0
18.848684 1 0 1 0 1
20.032895 1 0 0 0 0
20.723684 1 0 0 0 0
21.644737 1 1 0 0 1
23.355263 0 1 0 0 1
23.684211 1 0 1 0 0
26.611842 1 0 0 0 0
27.960526 0 1 1 1 1
28.355263 0 1 0 0 1
30.427632 0 0 1 0 1
30.526316 0 0 1 0 0
30.921053 0 1 1 1 1
33.092105 0 0 1 0 1
36.907895 0 0 1 0 1
37.269737 0 0 1 0 1
39.901316 0 1 1 0 0
40.164474 1 0 1 0 1
41.25 1 0 1 0 0
41.611842 0 1 1 1 1
44.934211 1 1 1 0 1
47.467105 0 1 0 0 1
47.467105 1 1 0 0 1
47.960526 0 1 0 0 1
49.046053 1 0 0 0 0
50.0 0 0 1 0 1
55.263158 1 0 0 0 0
56.776316 0 0 1 1 1
58.026316 0 0 1 1 1
58.355263 1 0 0 0 0
58.717105 0 1 1 0 1
59.671053 1 1 0 0 1
60.230263 1 0 1 0 1
60.592105 1 0 0 0 0
62.368421 0 1 1 0 1
62.565789 1 0 0 0 1
63.486842 0 1 1 0 1
64.177632 0 0 1 0 1
64.901316 0 1 1 1 1
67.302632 0 1 1 1 0
70.098684 0 1 1 0 1
70.328947 1 1 0 0 1
72.0 0 0 0 0 0
72.0 0 0 0 0 0
72.0 0 0 0 0 1
72.0 0 0 1 0 0
72.0 0 0 1 0 0
72.0 0 0 1 0 1
72.0 0 0 1 0 1
72.0 0 0 1 0 1
72.0 0 0 1 0 1
72.0 0 0 1 0 1
72.0 0 0 1 0 1
72.0 0 0 1 1 1
72.0 0 0 1 1 1
72.0 0 0 1 1 1
72.0 0 1 0 0 1
72.0 0 1 0 0 1
72.0 0 1 0 0 1
72.0 0 1 0 0 1
72.0 0 1 0 0 1
72.0 0 1 0 1 1
72.0 0 1 0 1 1
72.0 0 1 0 1 1
72.0 0 1 0 1 1
72.0 0 1 1 0 0
72.0 0 1 1 0 0
72.0 0 1 1 0 0
72.0 0 1 1 0 0
72.0 0 1 1 0 0
72.0 0 1 1 0 0
72.0 0 1 1 0 1
72.0 0 1 1 0 1
72.0 0 1 1 0 1
72.0 0 1 1 0 1
72.0 0 1 1 0 1
72.0 0 1 1 0 1
72.0 0 1 1 0 1
72.0 0 1 1 0 1
72.0 0 1 1 0 1
72.0 0 1 1 0 1
72.0 0 1 1 1 0
72.0 0 1 1 1 0
72.0 0 1 1 1 0
72.0 0 1 1 1 1
72.0 0 1 1 1 1
72.0 0 1 1 1 1
72.0 0 1 1 1 1
72.0 0 1 1 1 1
72.0 0 1 1 1 1
72.0 0 1 1 1 1
72.0 0 1 1 1 1
72.0 0 1 1 1 1
