1 1 0 0 0 0 0 0 0 0 0 0 1 1 0 1 0 1 0 0 0 1 0 0 1
2 1 1 0 0 0 0 0 0 0 0 0 1 0 1 1 0 1 0 0 0 1 0 0 0
2 1 1 1 0 0 0 0 0 0 0 0 0 1 1 1 1 0 1 0 0 0 0 1 0
2 1 1 1 0 0 0 0 0 0 0 0 1 1 1 1 0 0 1 0 0 1 0 0 0
3 1 1 1 1 0 0 0 0 0 0 0 1 1 1 1 0 0 0 0 1 1 0 0 1
3 1 1 1 1 1 1 1 0 0 0 0 1 1 1 1 0 0 0 0 1 1 0 0 1
3 1 1 1 1 1 1 1 1 1 0 0 1 0 0 0 0 0 1 0 0 1 0 0 0
3 1 1 1 1 1 1 1 1 1 1 1 0 0 0 0 0 0 1 0 0 0 0 0 1
4 1 1 0 0 0 0 0 0 0 0 0 1 1 0 1 0 1 0 0 0 1 0 0 1
4 1 1 1 1 1 1 0 0 0 0 0 0 1 0 1 1 0 1 0 0 0 0 0 1
4 1 1 1 1 1 1 1 0 0 0 0 0 1 0 1 0 0 0 0 1 0 0 0 0
4 1 1 1 1 1 1 1 0 0 0 0 1 0 1 1 0 0 1 0 0 0 0 0 1
4 1 1 1 1 1 1 1 1 1 1 0 0 0 1 1 0 0 0 0 1 0 0 0 1
5 0 1 1 1 0 0 0 0 0 0 0 1 1 1 1 0 0 1 0 0 1 0 0 1
5 1 1 0 0 0 0 0 0 0 0 0 1 1 0 1 0 1 0 0 0 1 0 0 0
5 1 1 1 1 0 0 0 0 0 0 0 1 0 1 1 0 0 1 0 0 1 0 0 0
5 1 1 1 1 1 1 0 0 0 0 0 0 1 1 1 0 1 0 0 0 0 0 0 0
5 1 1 1 1 1 1 0 0 0 0 0 1 0 1 0 0 0 1 0 0 1 0 0 1
5 1 1 1 1 1 1 0 0 0 0 0 1 0 1 1 0 0 1 0 0 1 0 0 0
5 1 1 1 1 1 1 0 0 0 0 0 1 1 1 1 0 0 0 0 1 1 0 0 0
6 1 1 1 1 0 0 0 0 0 0 0 1 1 1 1 1 0 1 0 0 1 0 0 1
6 1 1 1 1 1 0 0 0 0 0 0 1 1 1 1 0 0 1 0 0 1 0 0 1
7 0 1 0 0 0 0 0 0 0 0 0 1 0 1 0 1 0 1 0 0 1 0 0 1
7 0 1 1 1 0 0 0 0 0 0 0 1 1 1 1 0 0 1 0 0 1 0 0 0
7 0 1 1 1 1 0 0 0 0 0 0 0 1 1 1 1 0 1 0 0 0 0 0 1
7 1 1 1 1 0 0 0 0 0 0 0 1 1 0 1 1 0 0 0 1 0 0 0 1
7 1 1 1 1 1 1 0 0 0 0 0 0 0 1 0 0 0 1 0 0 0 0 0 1
7 1 1 1 1 1 1 1 1 0 0 0 1 1 1 1 0 0 1 0 0 1 0 1 1
8 0 1 0 0 0 0 0 0 0 0 0 1 0 1 1 0 0 1 0 0 1 0 0 0
8 0 1 1 0 0 0 0 0 0 0 0 1 0 1 1 1 0 1 0 0 1 0 0 1
8 0 1 1 0 0 0 0 0 0 0 0 1 1 1 0 1 0 1 0 0 1 0 0 1
8 1 1 1 1 1 0 0 0 0 0 0 1 0 1 1 0 0 1 0 0 1 0 0 1
8 1 1 1 1 1 1 0 0 0 0 0 1 0 1 1 0 0 1 0 0 1 0 0 0
9 0 1 1 1 0 0 0 0 0 0 0 1 0 1 1 0 0 1 0 0 1 0 0 0
9 0 1 1 1 1 0 0 0 0 0 0 1 1 1 1 0 0 1 0 0 1 0 0 1
9 1 1 1 1 1 1 0 0 0 0 0 1 0 0 0 0 0 1 0 0 1 0 0 1
9 1 1 1 1 1 1 1 1 1 1 1 0 0 1 0 0 0 1 0 0 0 0 0 1
10 0 0 0 0 0 0 0 0 0 0 0 1 1 1 1 0 0 0 1 0 1 1 1 0
10 0 1 1 1 0 0 0 0 0 0 0 1 0 1 1 0 0 1 0 0 1 0 0 1
10 0 1 1 1 0 0 0 0 0 0 0 1 1 0 1 0 0 1 0 0 0 0 0 1
10 1 1 1 1 1 1 0 0 0 0 0 1 1 1 0 0 0 1 0 0 0 0 0 0
10 1 1 1 1 1 1 1 1 1 1 0 0 0 0 0 0 0 1 0 0 0 0 0 1
11 0 1 1 1 0 0 0 0 0 0 0 1 0 1 1 0 1 0 0 0 1 0 0 0
11 0 1 1 1 1 1 1 1 1 1 1 0 0 1 0 0 0 1 0 0 0 0 1 0
11 1 1 0 0 0 0 0 0 0 0 0 1 1 1 0 1 0 1 0 0 1 0 0 1
11 1 1 1 1 0 0 0 0 0 0 0 1 1 1 1 0 0 1 0 0 1 0 0 0
11 1 1 1 1 1 0 0 0 0 0 0 1 0 1 1 0 0 1 0 0 0 0 0 1
12 0 1 1 0 0 0 0 0 0 0 0 1 0 1 1 0 0 1 0 0 1 0 0 0
12 0 1 1 0 0 0 0 0 0 0 0 1 1 1 1 0 0 1 0 0 1 1 0 0
12 0 1 1 1 0 0 0 0 0 0 0 1 0 1 1 0 0 1 0 0 0 0 0 1
12 0 1 1 1 0 0 0 0 0 0 0 1 1 1 1 0 0 0 0 1 0 1 0 1
12 0 1 1 1 1 0 0 0 0 0 0 1 0 1 1 0 0 1 0 0 1 0 0 0
13 0 1 0 0 0 0 0 0 0 0 0 0 1 0 1 1 0 1 0 0 0 0 1 0
13 0 1 0 0 0 0 0 0 0 0 0 1 0 1 1 0 1 0 0 0 1 0 0 0
13 0 1 0 0 0 0 0 0 0 0 0 1 1 0 1 0 0 0 1 0 1 1 0 0
13 0 1 1 1 1 1 1 0 0 0 0 1 0 1 0 0 0 1 0 0 1 0 1 0
13 0 1 1 1 1 1 1 1 1 1 1 0 0 0 0 0 0 1 0 0 0 0 0 0
13 1 1 1 1 1 1 1 1 0 0 0 1 0 1 1 0 1 0 0 0 1 0 0 1
14 0 0 0 0 0 0 0 0 0 0 0 1 1 1 1 0 0 1 0 0 1 0 1 0
14 0 1 0 0 0 0 0 0 0 0 0 1 0 1 1 0 0 1 0 0 1 0 0 0
14 0 1 0 0 0 0 0 0 0 0 0 1 1 0 1 0 1 0 0 0 1 0 0 0
14 0 1 1 0 0 0 0 0 0 0 0 1 1 1 1 0 0 1 0 0 1 0 0 0
14 0 1 1 1 1 0 0 0 0 0 0 1 0 1 0 0 0 1 0 0 1 0 0 0
14 0 1 1 1 1 1 1 1 1 1 1 1 0 0 0 0 0 1 0 0 0 0 0 1
14 1 1 1 1 1 0 0 0 0 0 0 0 1 1 0 0 0 1 0 0 0 0 0 0
15 0 1 1 1 1 1 1 1 1 0 0 0 0 0 1 0 0 1 0 0 1 0 1 0
16 0 1 1 0 0 0 0 0 0 0 0 1 0 1 1 0 0 1 0 0 1 0 0 0
16 0 1 1 1 0 0 0 0 0 0 0 1 0 1 1 0 0 1 0 0 1 0 0 0
16 0 1 1 1 1 0 0 0 0 0 0 1 0 1 1 0 0 1 0 0 1 0 0 1
16 0 1 1 1 1 0 0 0 0 0 0 1 0 1 1 0 1 0 0 0 1 0 0 1
16 0 1 1 1 1 1 1 1 1 1 0 1 1 1 0 1 0 1 0 0 1 0 0 1
16 1 1 1 1 1 1 1 1 1 1 0 1 0 0 1 0 0 1 0 0 0 0 0 0
17 0 1 0 0 0 0 0 0 0 0 0 1 0 1 1 0 0 1 0 0 1 0 0 0
17 0 1 0 0 0 0 0 0 0 0 0 1 1 0 1 1 0 0 0 1 1 1 0 0
17 0 1 0 0 0 0 0 0 0 0 0 1 1 1 1 0 0 0 1 0 1 0 1 0
17 0 1 1 1 1 0 0 0 0 0 0 1 0 1 1 0 0 1 0 0 0 0 0 0
17 1 1 1 1 1 0 0 0 0 0 0 1 0 1 1 0 0 1 0 0 1 0 1 0
17 1 1 1 1 1 1 1 1 0 0 0 0 1 0 1 0 0 1 0 0 0 0 0 0
18 0 1 0 0 0 0 0 0 0 0 0 1 1 0 1 1 0 1 0 0 0 0 0 0
18 0 1 0 0 0 0 0 0 0 0 0 1 1 1 1 0 0 0 0 1 1 0 1 1
18 0 1 1 0 0 0 0 0 0 0 0 1 0 0 1 1 0 1 0 0 1 0 0 0
18 0 1 1 1 0 0 0 0 0 0 0 1 0 0 0 0 0 1 0 0 0 0 1 1
18 1 1 1 1 1 1 1 0 0 0 0 0 1 1 0 0 0 1 0 0 0 0 0 0
18 1 1 1 1 1 1 1 1 1 0 0 0 0 1 1 0 0 0 1 0 0 0 1 0
19 0 1 1 1 0 0 0 0 0 0 0 1 0 1 1 0 0 1 0 0 1 0 0 1
19 1 1 1 1 0 0 0 0 0 0 0 0 1 1 0 1 0 1 0 0 0 0 1 1
20 0 1 1 1 0 0 0 0 0 0 0 1 0 1 1 0 0 0 0 1 1 1 0 0
20 0 1 1 1 1 0 0 0 0 0 0 1 1 1 0 0 0 1 0 0 1 1 0 1
20 0 1 1 1 1 1 0 0 0 0 0 0 1 1 1 0 0 1 0 0 1 0 0 0
21 0 1 1 0 0 0 0 0 0 0 0 0 1 0 1 0 0 0 1 0 0 0 1 0
21 0 1 1 0 0 0 0 0 0 0 0 0 1 1 1 0 0 1 0 0 0 0 0 0
21 0 1 1 1 0 0 0 0 0 0 0 1 1 1 0 0 0 1 0 0 1 0 0 1
21 0 1 1 1 0 0 0 0 0 0 0 1 1 1 1 0 0 1 0 0 0 0 1 0
21 0 1 1 1 1 1 1 1 1 0 0 0 1 0 1 0 0 1 0 0 0 0 1 1
21 1 1 1 1 1 0 0 0 0 0 0 1 0 1 0 0 0 1 0 0 1 0 1 1
22 0 1 1 1 0 0 0 0 0 0 0 1 0 0 1 0 0 1 0 0 1 0 0 0
22 0 1 1 1 1 0 0 0 0 0 0 0 1 1 1 0 0 0 0 1 1 0 0 0
22 0 1 1 1 1 0 0 0 0 0 0 1 1 1 1 0 0 0 0 1 0 0 0 0
22 0 1 1 1 1 1 1 1 0 0 0 0 1 1 1 0 0 1 0 0 0 0 0 0
23 0 0 0 0 0 0 0 0 0 0 0 1 1 0 1 0 1 0 0 0 1 0 0 0
23 0 1 1 0 0 0 0 0 0 0 0 1 1 1 0 0 0 1 0 0 1 0 1 0
23 0 1 1 1 1 1 0 0 0 0 0 1 0 1 1 0 0 1 0 0 1 0 0 0
23 1 1 1 1 1 1 1 1 0 0 0 1 0 0 0 0 0 1 0 0 1 0 1 1
25 0 1 1 1 0 0 0 0 0 0 0 1 1 1 1 0 0 1 0 0 1 0 0 0
25 0 1 1 1 1 1 1 1 0 0 0 0 1 0 1 1 0 0 1 0 0 0 0 1
26 0 1 1 1 1 1 0 0 0 0 0 1 1 1 1 0 0 1 0 0 0 0 1 1
27 0 0 0 0 0 0 0 0 0 0 0 1 0 1 1 0 0 0 1 0 1 0 0 1
27 0 1 1 1 1 1 1 1 0 0 0 0 0 1 1 0 0 1 0 0 1 0 0 0
28 0 1 0 0 0 0 0 0 0 0 0 1 1 1 1 0 0 0 0 1 1 0 1 1
28 0 1 1 1 1 1 1 0 0 0 0 1 0 1 0 0 0 1 0 0 0 1 1 1
29 0 1 1 0 0 0 0 0 0 0 0 1 1 1 1 1 0 0 0 1 0 1 0 1
29 0 1 1 1 1 0 0 0 0 0 0 1 0 1 1 0 0 0 0 1 1 1 0 1
29 0 1 1 1 1 1 1 1 0 0 0 0 1 0 1 0 0 0 0 1 0 1 1 1
30 0 1 1 1 0 0 0 0 0 0 0 1 1 0 1 0 0 1 0 0 1 0 0 0
30 0 1 1 1 1 0 0 0 0 0 0 1 1 1 0 1 0 0 1 0 0 0 0 0
31 0 1 1 0 0 0 0 0 0 0 0 1 1 0 0 1 0 1 0 0 1 0 0 0
31 0 1 1 1 1 0 0 0 0 0 0 1 1 0 1 0 0 1 0 0 0 1 0 0
31 0 1 1 1 1 1 0 0 0 0 0 1 0 1 0 0 0 1 0 0 1 0 0 0
31 0 1 1 1 1 1 1 1 0 0 0 0 1 1 1 0 0 1 0 0 0 0 0 0
32 0 1 1 1 0 0 0 0 0 0 0 1 1 0 1 1 0 1 0 0 1 0 0 1
32 0 1 1 1 1 1 0 0 0 0 0 1 1 0 1 0 0 1 0 0 0 0 0 1
32 1 1 1 1 1 1 1 1 1 0 0 1 1 1 0 0 0 1 0 0 1 0 1 1
33 0 1 1 1 1 0 0 0 0 0 0 1 1 0 1 0 0 1 0 0 0 0 0 0
34 0 1 1 0 0 0 0 0 0 0 0 1 0 1 0 0 0 1 0 0 1 1 0 1
35 0 1 1 1 1 0 0 0 0 0 0 1 0 0 0 0 0 1 0 0 0 1 0 0
35 0 1 1 1 1 1 1 0 0 0 0 1 1 1 0 0 0 1 0 0 1 0 1 0
38 0 1 0 0 0 0 0 0 0 0 0 1 1 1 1 0 0 0 1 0 0 0 0 1
38 0 1 1 1 0 0 0 0 0 0 0 1 1 0 1 1 0 1 0 0 1 0 0 0
38 0 1 1 1 1 0 0 0 0 0 0 1 1 0 1 0 0 1 0 0 1 0 1 0
38 0 1 1 1 1 0 0 0 0 0 0 1 1 1 1 0 0 1 0 0 0 0 0 0
39 0 1 1 1 1 0 0 0 0 0 0 1 0 1 1 0 0 1 0 0 1 0 0 1
39 0 1 1 1 1 1 1 0 0 0 0 1 1 0 1 1 0 1 0 0 1 0 1 1
40 0 1 1 1 1 1 1 1 1 0 0 1 0 1 0 0 0 1 0 0 0 0 0 1
41 0 1 1 0 0 0 0 0 0 0 0 0 1 1 1 0 0 0 0 1 0 1 1 0
41 0 1 1 1 1 1 1 1 1 1 1 0 0 0 0 0 0 1 0 0 0 0 0 0
42 0 1 1 1 0 0 0 0 0 0 0 1 1 0 0 1 0 1 0 0 0 0 0 0
42 1 1 1 1 1 0 0 0 0 0 0 1 1 1 1 0 0 1 0 0 1 1 0 0
43 0 1 1 1 0 0 0 0 0 0 0 1 1 1 1 0 0 1 0 0 1 0 0 1
43 0 1 1 1 1 1 1 0 0 0 0 1 1 0 1 1 0 1 0 0 0 1 0 1
44 1 1 1 1 1 1 1 0 0 0 0 1 0 1 0 0 0 1 0 0 1 0 0 1
46 0 1 1 1 1 0 0 0 0 0 0 0 1 1 1 0 0 1 0 0 0 0 0 1
46 0 1 1 1 1 1 0 0 0 0 0 1 1 1 0 0 0 1 0 0 0 0 0 0
47 0 1 1 1 1 1 1 1 0 0 0 1 1 1 1 0 0 1 0 0 0 1 1 1
47 1 1 1 1 1 1 1 1 1 1 0 1 0 1 0 0 0 1 0 0 1 0 0 1
49 0 1 1 1 1 1 1 1 0 0 0 1 0 1 0 0 0 1 0 0 1 0 1 0
51 1 1 1 1 1 1 1 1 0 0 0 1 0 1 1 0 0 1 0 0 0 0 0 1
56 0 1 1 1 1 1 1 1 1 0 0 1 0 1 0 0 0 1 0 0 1 0 0 0
56 0 1 1 1 1 1 1 1 1 1 0 1 0 1 1 0 0 1 0 0 0 0 1 1
60 0 1 1 1 1 1 1 1 1 1 0 0 1 0 1 0 0 0 0 1 0 0 0 1
62 0 1 1 1 0 0 0 0 0 0 0 0 1 0 1 0 0 1 0 0 0 0 1 0
67 0 1 1 1 1 1 1 1 1 0 0 0 0 0 0 0 0 1 0 0 0 0 0 0
71 0 1 1 1 1 1 1 1 0 0 0 1 0 1 1 0 0 1 0 0 1 1 0 0
76 0 1 1 1 1 1 1 1 1 0 0 1 0 0 0 0 0 1 0 0 0 0 0 0
97 0 1 1 1 1 0 0 0 0 0 0 1 0 1 0 0 0 1 0 0 1 0 1 1
