0.001368925 0 1 0 0 0 0 0 0 0 0 0 0 0 0
0.001368925 0 1 0 0 0 0 0 0 0 0 0 0 1 0
0.001368925 0 1 1 0 0 0 0 0 0 0 0 0 1 0
0.001368925 0 1 1 1 0 0 0 0 0 0 0 0 0 0
0.001368925 0 1 1 1 0 0 0 0 0 0 0 0 0 0
0.001368925 0 1 1 1 0 0 0 0 0 0 0 0 0 0
0.001368925 0 1 1 1 1 0 0 0 0 0 0 0 0 0
0.001368925 0 1 1 1 1 0 0 0 0 0 0 0 0 0
0.001368925 0 1 1 1 1 0 0 0 0 0 0 1 0 0
0.001368925 0 1 1 1 1 1 0 0 0 0 0 0 0 0
0.001368925 0 1 1 1 1 1 0 0 0 0 0 0 0 0
0.001368925 0 1 1 1 1 1 0 0 0 0 0 0 1 1
0.001368925 0 1 1 1 1 1 0 0 0 0 0 0 1 1
0.001368925 0 1 1 1 1 1 0 0 0 0 0 1 0 0
0.001368925 0 1 1 1 1 1 1 0 0 0 0 0 0 1
0.001368925 0 1 1 1 1 1 1 0 0 0 0 0 0 1
0.001368925 0 1 1 1 1 1 1 0 0 0 0 0 0 1
0.001368925 0 1 1 1 1 1 1 1 0 0 0 0 0 1
0.001368925 0 1 1 1 1 1 1 1 0 0 0 0 0 1
0.001368925 0 1 1 1 1 1 1 1 0 0 0 0 0 1
0.001368925 0 1 1 1 1 1 1 1 0 0 0 0 0 1
0.001368925 0 1 1 1 1 1 1 1 0 0 0 0 1 1
0.001368925 0 1 1 1 1 1 1 1 1 0 0 0 0 1
0.001368925 0 1 1 1 1 1 1 1 1 0 0 0 0 1
0.001368925 0 1 1 1 1 1 1 1 1 0 0 0 0 1
0.001368925 0 1 1 1 1 1 1 1 1 0 0 0 0 1
0.001368925 0 1 1 1 1 1 1 1 1 0 0 0 0 1
0.001368925 0 1 1 1 1 1 1 1 1 0 0 0 0 1
0.001368925 0 1 1 1 1 1 1 1 1 0 0 0 1 1
0.001368925 0 1 1 1 1 1 1 1 1 0 0 1 0 1
0.001368925 0 1 1 1 1 1 1 1 1 0 0 1 0 1
0.001368925 0 1 1 1 1 1 1 1 1 1 1 1 0 1
0.001368925 1 1 1 0 0 0 0 0 0 0 0 0 1 0
0.001368925 1 1 1 1 1 1 0 0 0 0 0 0 0 0
0.001368925 1 1 1 1 1 1 1 1 1 0 0 0 0 1
0.001368925 1 1 1 1 1 1 1 1 1 1 0 0 1 1
0.002737851 0 1 1 1 1 0 0 0 0 0 0 0 1 1
0.002737851 0 1 1 1 1 1 0 0 0 0 0 0 0 1
0.002737851 0 1 1 1 1 1 0 0 0 0 0 0 1 1
0.002737851 0 1 1 1 1 1 1 1 0 0 0 0 0 1
0.002737851 0 1 1 1 1 1 1 1 1 0 0 0 0 0
0.002737851 0 1 1 1 1 1 1 1 1 0 0 0 0 1
0.002737851 1 1 1 1 0 0 0 0 0 0 0 0 0 0
0.002737851 1 1 1 1 1 0 0 0 0 0 0 1 0 1
0.002737851 1 1 1 1 1 1 1 1 0 0 0 0 1 0
0.005475702 0 1 1 1 0 0 0 0 0 0 0 0 0 0
0.005475702 0 1 1 1 1 0 0 0 0 0 0 0 1 1
0.005475702 0 1 1 1 1 1 0 0 0 0 0 0 0 0
0.005475702 0 1 1 1 1 1 0 0 0 0 0 0 0 0
0.005475702 1 1 0 0 0 0 0 0 0 0 0 0 0 0
0.005475702 1 1 0 0 0 0 0 0 0 0 0 0 1 0
0.005475702 1 1 1 0 0 0 0 0 0 0 0 0 0 0
0.005475702 1 1 1 1 1 1 1 0 0 0 0 0 0 0
0.005475702 1 1 1 1 1 1 1 1 0 0 0 0 0 1
0.005475702 1 1 1 1 1 1 1 1 0 0 0 1 0 1
0.008213552 0 0 0 0 0 0 0 0 0 0 0 0 0 0
0.008213552 0 1 1 0 0 0 0 0 0 0 0 0 0 0
0.008213552 0 1 1 1 0 0 0 0 0 0 0 1 0 0
0.008213552 0 1 1 1 1 0 0 0 0 0 0 0 0 0
0.008213552 0 1 1 1 1 0 0 0 0 0 0 0 0 0
0.008213552 0 1 1 1 1 1 1 1 1 1 0 1 0 1
0.008213552 1 1 1 0 0 0 0 0 0 0 0 0 1 0
0.008213552 1 1 1 1 1 1 1 1 0 0 0 0 0 1
0.008213552 1 1 1 1 1 1 1 1 1 1 0 0 0 1
0.010951403 0 1 1 1 1 0 0 0 0 0 0 0 0 0
0.010951403 0 1 1 1 1 0 0 0 0 0 0 1 0 0
0.010951403 0 1 1 1 1 1 0 0 0 0 0 0 0 0
0.010951403 0 1 1 1 1 1 0 0 0 0 0 0 1 0
0.010951403 0 1 1 1 1 1 1 0 0 0 0 0 0 1
0.010951403 0 1 1 1 1 1 1 0 0 0 0 0 1 0
0.010951403 1 0 0 0 0 0 0 0 0 0 0 0 1 0
0.010951403 1 1 1 0 0 0 0 0 0 0 0 0 0 0
0.013689254 0 1 1 1 1 0 0 0 0 0 0 0 1 0
0.013689254 0 1 1 1 1 1 0 0 0 0 0 1 1 1
0.013689254 0 1 1 1 1 1 1 0 0 0 0 0 0 1
0.013689254 0 1 1 1 1 1 1 1 0 0 0 0 1 1
0.013689254 0 1 1 1 1 1 1 1 1 0 0 0 0 1
0.013689254 0 1 1 1 1 1 1 1 1 0 0 1 0 1
0.013689254 1 1 1 1 1 0 0 0 0 0 0 0 0 0
0.013689254 1 1 1 1 1 1 1 1 0 0 0 0 0 1
0.013689254 1 1 1 1 1 1 1 1 1 0 0 0 0 1
0.013689254 1 1 1 1 1 1 1 1 1 0 0 0 1 1
0.016427105 0 1 1 1 1 1 1 0 0 0 0 0 0 1
0.016427105 0 1 1 1 1 1 1 0 0 0 0 0 1 1
0.016427105 0 1 1 1 1 1 1 1 1 0 0 0 1 1
0.016427105 0 1 1 1 1 1 1 1 1 1 0 0 0 1
0.016427105 0 1 1 1 1 1 1 1 1 1 0 1 0 1
0.016427105 0 1 1 1 1 1 1 1 1 1 1 0 0 1
0.016427105 1 1 1 1 1 0 0 0 0 0 0 0 0 0
0.016427105 1 1 1 1 1 1 1 0 0 0 0 1 0 1
0.019164956 0 1 1 1 0 0 0 0 0 0 0 0 1 0
0.019164956 0 1 1 1 1 1 0 0 0 0 0 0 1 1
0.019164956 0 1 1 1 1 1 1 1 0 0 0 0 1 1
0.019164956 1 1 1 1 1 0 0 0 0 0 0 0 1 0
0.019164956 1 1 1 1 1 1 0 0 0 0 0 0 0 0
0.019164956 1 1 1 1 1 1 0 0 0 0 0 0 0 1
0.019164956 1 1 1 1 1 1 0 0 0 0 0 1 1 0
0.019164956 1 1 1 1 1 1 1 1 0 0 0 1 0 1
0.021902806 0 1 0 0 0 0 0 0 0 0 0 0 0 0
0.021902806 0 1 1 1 1 1 0 0 0 0 0 0 1 0
0.021902806 0 1 1 1 1 1 1 1 0 0 0 0 1 1
0.021902806 1 1 1 1 1 1 0 0 0 0 0 1 0 1
0.021902806 1 1 1 1 1 1 1 1 1 1 0 0 0 1
0.024640657 0 1 1 1 1 1 0 0 0 0 0 0 0 0
0.024640657 0 1 1 1 1 1 0 0 0 0 0 0 1 0
0.024640657 0 1 1 1 1 1 1 1 0 0 0 0 0 1
0.024640657 0 1 1 1 1 1 1 1 1 0 0 0 0 1
0.024640657 1 1 1 1 1 1 1 1 0 0 0 0 0 0
0.027378508 0 1 1 0 0 0 0 0 0 0 0 0 0 0
0.027378508 0 1 1 1 0 0 0 0 0 0 0 0 1 0
0.027378508 0 1 1 1 1 0 0 0 0 0 0 1 1 0
0.027378508 0 1 1 1 1 1 1 1 0 0 0 1 0 1
0.027378508 1 1 1 1 1 0 0 0 0 0 0 0 1 0
0.030116359 1 0 0 0 0 0 0 0 0 0 0 1 0 0
0.030116359 1 1 1 1 1 1 0 0 0 0 0 0 0 0
0.030116359 1 1 1 1 1 1 0 0 0 0 0 0 0 0
0.030116359 1 1 1 1 1 1 1 1 0 0 0 0 0 1
0.030116359 1 1 1 1 1 1 1 1 0 0 0 0 0 1
0.030116359 1 1 1 1 1 1 1 1 1 1 0 0 0 1
0.032854209 1 1 1 1 1 1 1 0 0 0 0 0 0 0
0.038329911 1 1 1 1 0 0 0 0 0 0 0 0 1 0
0.041067762 0 1 1 1 1 1 1 1 1 1 1 0 0 1
0.043805613 0 1 1 1 1 1 0 0 0 0 0 0 0 0
0.043805613 1 1 1 0 0 0 0 0 0 0 0 0 1 0
0.043805613 1 1 1 1 1 1 0 0 0 0 0 0 0 0
0.046543463 1 1 1 1 1 0 0 0 0 0 0 0 1 0
0.049281314 1 1 1 1 1 1 1 1 0 0 0 0 1 1
0.049281314 1 1 1 1 1 1 1 1 1 0 0 1 0 1
0.054757016 1 1 1 1 0 0 0 0 0 0 0 0 0 0
0.057494867 1 1 1 0 0 0 0 0 0 0 0 0 0 0
0.057494867 1 1 1 1 0 0 0 0 0 0 0 0 1 0
0.057494867 1 1 1 1 1 1 1 1 0 0 0 0 0 1
0.060232717 1 1 1 1 1 0 0 0 0 0 0 1 0 0
0.065708419 0 1 1 1 1 1 1 1 0 0 0 0 1 1
0.06844627 0 1 1 1 1 1 1 1 1 1 0 0 0 1
0.06844627 0 1 1 1 1 1 1 1 1 1 0 1 0 1
0.06844627 1 1 1 1 1 1 1 1 0 0 0 0 0 1
0.06844627 1 1 1 1 1 1 1 1 0 0 0 0 1 1
0.073921971 1 1 1 1 0 0 0 0 0 0 0 1 0 0
0.073921971 1 1 1 1 1 1 1 1 1 0 0 0 0 1
0.076659822 0 1 1 1 0 0 0 0 0 0 0 1 0 0
0.076659822 1 1 1 1 1 1 1 0 0 0 0 1 0 0
0.079397673 1 1 1 1 1 1 1 1 0 0 0 0 0 1
0.079397673 1 1 1 1 1 1 1 1 1 1 0 1 0 1
0.079397673 1 1 1 1 1 1 1 1 1 1 1 0 0 1
0.082135524 1 0 0 0 0 0 0 0 0 0 0 0 1 0
0.087611225 1 1 1 1 1 1 1 1 1 0 0 0 0 1
0.090349076 1 1 1 1 0 0 0 0 0 0 0 0 1 0
0.098562628 1 1 1 1 1 1 0 0 0 0 0 0 0 0
0.098562628 1 1 1 1 1 1 1 0 0 0 0 0 0 0
0.109514031 0 1 1 1 1 0 0 0 0 0 0 0 1 0
0.109514031 1 1 0 0 0 0 0 0 0 0 0 0 1 0
0.114989733 1 1 1 1 1 1 1 1 1 0 0 1 0 1
0.117727584 1 1 1 1 1 1 1 1 1 0 0 0 0 1
0.120465435 1 1 1 1 1 1 1 1 0 0 0 0 1 0
0.120465435 1 1 1 1 1 1 1 1 1 1 0 1 0 1
0.128678987 0 1 1 1 1 1 0 0 0 0 0 0 0 0
0.128678987 1 1 1 1 1 1 1 1 0 0 0 0 1 0
0.142368241 1 1 1 1 1 1 1 1 1 1 0 0 0 1
0.145106092 1 1 1 1 1 1 1 1 1 0 0 0 0 0
0.158795346 1 1 1 1 1 1 0 0 0 0 0 0 0 0
0.158795346 1 1 1 1 1 1 1 1 0 0 0 0 0 1
0.161533196 0 1 1 1 1 1 1 1 0 0 0 0 1 1
0.164271047 1 1 1 1 1 1 1 1 1 1 1 0 1 1
0.169746749 1 1 1 1 1 0 0 0 0 0 0 0 0 0
0.169746749 1 1 1 1 1 1 1 1 0 0 0 1 0 1
0.17522245 1 1 1 1 1 1 1 1 1 0 0 0 0 0
0.180698152 1 1 1 1 1 1 1 1 0 0 0 1 0 1
0.183436003 1 1 1 1 1 1 0 0 0 0 0 0 0 1
0.188911704 1 1 1 1 1 1 1 1 1 0 0 0 0 1
0.202600958 1 1 1 0 0 0 0 0 0 0 0 0 0 0
0.205338809 0 1 1 1 1 1 1 1 1 0 0 1 0 1
0.205338809 1 1 1 1 1 1 1 1 1 1 0 0 0 1
0.210814511 1 1 1 1 1 1 1 0 0 0 0 0 1 0
0.213552361 1 1 1 0 0 0 0 0 0 0 0 0 0 0
0.213552361 1 1 1 1 1 1 0 0 0 0 0 0 0 0
0.216290212 1 1 1 1 1 1 0 0 0 0 0 0 0 0
0.221765914 1 1 1 1 1 1 1 1 1 0 0 0 0 1
0.224503765 1 1 1 1 1 1 1 1 1 0 0 0 0 1
0.240930869 1 1 1 1 1 1 1 0 0 0 0 0 1 0
0.24366872 1 1 1 1 1 1 0 0 0 0 0 0 1 1
0.246406571 0 1 1 1 1 1 1 0 0 0 0 0 0 0
0.249144422 1 1 1 1 1 1 1 0 0 0 0 0 1 0
0.249144422 1 1 1 1 1 1 1 1 0 0 0 0 0 1
0.249144422 1 1 1 1 1 1 1 1 1 0 0 0 0 1
0.254620123 1 1 1 1 1 1 1 1 1 0 0 0 0 1
0.257357974 0 1 1 1 1 1 1 1 1 0 0 0 0 1
0.257357974 1 1 1 1 1 1 1 1 0 0 0 0 0 1
0.262833676 1 1 1 1 0 0 0 0 0 0 0 1 0 0
0.265571526 0 1 1 0 0 0 0 0 0 0 0 0 0 0
0.27652293 0 1 1 1 1 0 0 0 0 0 0 0 1 1
0.295687885 1 1 1 1 1 1 1 0 0 0 0 1 0 0
0.298425736 1 1 1 1 1 0 0 0 0 0 0 0 0 0
0.298425736 1 1 1 1 1 1 1 1 1 0 0 1 0 1
0.301163587 1 1 1 1 1 1 1 1 0 0 0 0 1 1
0.301163587 1 1 1 1 1 1 1 1 1 1 0 0 0 1
0.306639288 1 1 1 1 1 1 1 1 1 0 0 0 0 1
0.323066393 1 1 1 1 1 1 1 0 0 0 0 0 0 0
0.344969199 1 1 1 0 0 0 0 0 0 0 0 0 1 0
0.350444901 0 1 1 1 1 1 1 1 1 0 0 0 1 1
0.358658453 1 1 1 1 1 1 0 0 0 0 0 0 0 1
0.366872005 1 1 1 1 1 1 1 0 0 0 0 0 0 1
0.3723477069999999 1 1 1 1 1 1 1 1 1 0 0 0 0 1
0.375085558 1 1 1 1 1 1 1 1 1 0 0 0 1 1
0.391512663 1 1 1 1 1 0 0 0 0 0 0 0 0 0
0.41615332 1 1 1 1 1 1 1 0 0 0 0 1 0 0
0.435318275 0 1 1 1 1 1 1 1 0 0 0 0 0 1
0.440793977 0 1 1 1 1 0 0 0 0 0 0 1 0 0
0.443531828 1 1 1 0 0 0 0 0 0 0 0 1 0 1
0.446269678 1 1 1 1 1 1 1 1 0 0 0 1 0 0
0.459958932 0 1 1 1 1 1 0 0 0 0 0 0 1 1
0.459958932 1 1 1 1 0 0 0 0 0 0 0 0 1 1
0.465434634 1 1 1 1 1 1 1 0 0 0 0 1 0 1
0.465434634 1 1 1 1 1 1 1 1 1 0 0 0 0 1
0.476386037 1 1 1 1 1 1 1 1 1 1 1 0 0 1
0.484599589 1 1 1 1 1 1 1 0 0 0 0 0 0 1
0.509240246 1 1 0 0 0 0 0 0 0 0 0 0 1 0
0.550308008 1 0 0 0 0 0 0 0 0 0 0 0 1 0
0.553045859 1 1 1 0 0 0 0 0 0 0 0 0 0 0
0.585900068 0 1 1 1 1 1 1 1 0 0 0 0 0 1
0.585900068 1 1 1 1 1 0 0 0 0 0 0 1 1 0
0.588637919 1 1 1 1 1 1 1 0 0 0 0 0 1 1
0.610540726 1 1 1 1 1 1 1 1 1 0 0 0 1 1
0.610540726 1 1 1 1 1 1 1 1 1 0 0 1 0 1
0.618754278 1 1 1 1 1 1 1 1 1 0 0 0 1 1
0.632443532 1 1 1 1 1 1 0 0 0 0 0 0 1 1
0.640657084 1 1 1 1 1 1 1 0 0 0 0 0 0 1
0.640657084 1 1 1 1 1 1 1 1 1 0 0 0 0 1
0.654346338 1 1 1 1 1 1 0 0 0 0 0 0 0 0
0.65982204 0 1 1 0 0 0 0 0 0 0 0 0 0 0
0.65982204 1 1 0 0 0 0 0 0 0 0 0 0 1 1
0.65982204 1 1 1 1 1 1 1 1 1 1 0 0 0 1
0.66255989 1 1 1 1 1 1 1 1 1 1 0 0 1 1
0.676249144 1 1 1 1 1 1 1 1 1 1 0 0 0 1
0.681724846 1 1 1 1 1 1 1 1 0 0 0 0 0 0
0.728268309 1 1 1 1 1 1 1 0 0 0 0 0 0 0
0.728268309 1 1 1 1 1 1 1 0 0 0 0 0 1 1
0.728268309 1 1 1 1 1 1 1 1 1 0 0 0 1 0
0.739219713 1 1 1 1 1 1 1 0 0 0 0 0 1 1
0.7446954139999999 0 1 1 1 1 1 1 1 0 0 0 0 0 1
0.752908966 1 1 1 1 1 1 1 1 0 0 0 0 0 1
0.761122519 0 1 1 1 0 0 0 0 0 0 0 0 1 0
0.772073922 1 1 1 1 1 1 1 1 1 1 0 0 0 1
0.777549624 1 1 1 1 0 0 0 0 0 0 0 0 0 0
0.783025325 1 1 1 1 1 0 0 0 0 0 0 0 0 0
0.783025325 1 1 1 1 1 1 1 1 0 0 0 1 0 1
0.791238877 1 1 1 1 0 0 0 0 0 0 0 0 1 0
0.79945243 1 0 0 0 0 0 0 0 0 0 0 0 0 0
0.79945243 1 1 1 1 1 1 1 1 0 0 0 0 0 1
0.804928131 0 1 1 1 0 0 0 0 0 0 0 0 1 0
0.804928131 1 1 1 1 1 1 1 0 0 0 0 0 0 1
0.821355236 0 1 1 1 0 0 0 0 0 0 0 0 0 0
0.829568789 0 1 1 0 0 0 0 0 0 0 0 0 0 0
0.837782341 0 1 0 0 0 0 0 0 0 0 0 0 0 0
0.840520192 0 1 1 1 1 1 1 0 0 0 0 1 0 1
0.854209446 1 1 1 1 1 1 1 1 1 0 0 0 0 1
0.87063655 0 1 0 0 0 0 0 0 0 0 0 1 0 0
0.873374401 0 1 1 1 1 0 0 0 0 0 0 0 1 0
0.884325804 0 1 1 1 1 1 1 0 0 0 0 0 0 1
0.887063655 0 1 1 0 0 0 0 0 0 0 0 1 0 0
0.889801506 0 1 1 1 1 1 1 1 1 0 0 0 0 0
0.898015058 1 1 1 1 1 1 1 1 1 0 0 1 0 1
0.90349076 0 1 1 0 0 0 0 0 0 0 0 1 0 0
0.90349076 0 1 1 1 1 1 1 0 0 0 0 0 0 1
0.90349076 0 1 1 1 1 1 1 0 0 0 0 0 0 1
0.908966461 1 1 1 1 1 1 1 1 0 0 0 0 1 0
0.911704312 0 1 1 0 0 0 0 0 0 0 0 0 1 0
0.911704312 0 1 1 1 1 0 0 0 0 0 0 0 0 0
0.911704312 0 1 1 1 1 1 0 0 0 0 0 0 0 1
0.911704312 0 1 1 1 1 1 1 1 0 0 0 1 1 1
0.911704312 1 1 1 1 1 0 0 0 0 0 0 0 0 0
0.917180014 0 1 1 1 1 1 1 0 0 0 0 0 0 0
0.917180014 0 1 1 1 1 1 1 1 1 0 0 0 0 1
0.925393566 0 1 1 1 1 1 1 1 1 0 0 0 1 1
0.928131417 0 1 1 1 1 0 0 0 0 0 0 1 0 0
0.930869268 0 1 1 0 0 0 0 0 0 0 0 0 1 0
0.930869268 0 1 1 1 1 1 1 1 1 0 0 1 0 1
0.933607118 0 1 1 1 0 0 0 0 0 0 0 0 1 0
0.936344969 0 1 1 1 1 1 1 0 0 0 0 0 0 0
0.941820671 0 1 1 1 1 1 1 1 0 0 0 0 0 1
0.944558522 0 1 1 1 1 1 1 1 1 0 0 0 0 1
0.947296372 0 1 1 1 1 1 1 1 0 0 0 0 0 1
0.947296372 0 1 1 1 1 1 1 1 0 0 0 0 1 1
0.947296372 1 1 1 1 1 1 1 1 1 1 0 0 0 1
0.950034223 0 1 1 1 0 0 0 0 0 0 0 0 0 0
0.955509925 0 1 1 1 1 1 0 0 0 0 0 1 0 0
0.955509925 0 1 1 1 1 1 1 0 0 0 0 0 0 1
0.958247775 0 1 1 1 1 1 1 1 0 0 0 0 1 1
0.958247775 0 1 1 1 1 1 1 1 1 1 0 0 0 0
0.963723477 0 1 1 1 1 1 0 0 0 0 0 0 0 1
0.963723477 0 1 1 1 1 1 1 1 1 0 0 0 0 1
0.966461328 0 1 1 1 1 1 0 0 0 0 0 1 0 0
0.966461328 0 1 1 1 1 1 1 1 0 0 0 0 1 0
0.969199179 0 1 1 1 0 0 0 0 0 0 0 1 0 0
0.971937029 0 1 1 1 1 1 1 1 1 0 0 1 0 1
0.97467488 0 1 1 1 1 1 1 0 0 0 0 1 0 0
0.977412731 0 1 1 1 1 1 1 1 1 0 0 0 0 1
0.980150582 0 1 1 1 1 1 1 1 0 0 0 0 0 1
0.982888433 0 1 1 1 1 1 1 0 0 0 0 0 0 1
0.982888433 0 1 1 1 1 1 1 1 1 0 0 0 0 0
0.985626283 0 1 1 0 0 0 0 0 0 0 0 1 1 0
0.991101985 0 1 1 1 1 0 0 0 0 0 0 0 1 0
0.991101985 0 1 1 1 1 1 0 0 0 0 0 0 0 0
0.993839836 0 1 1 1 1 0 0 0 0 0 0 0 0 1
0.993839836 0 1 1 1 1 1 0 0 0 0 0 0 1 1
0.993839836 0 1 1 1 1 1 1 1 0 0 0 0 0 1
0.993839836 0 1 1 1 1 1 1 1 1 0 0 0 0 1
0.996577687 0 1 1 1 1 1 0 0 0 0 0 0 0 1
0.996577687 0 1 1 1 1 1 1 1 1 0 0 0 0 1
0.996577687 0 1 1 1 1 1 1 1 1 0 0 1 0 1
0.999315537 0 1 1 0 0 0 0 0 0 0 0 0 0 0
0.999315537 0 1 1 1 1 0 0 0 0 0 0 0 0 0
0.999315537 0 1 1 1 1 1 0 0 0 0 0 0 1 0
0.999315537 0 1 1 1 1 1 1 0 0 0 0 0 0 0
0.999315537 0 1 1 1 1 1 1 1 1 1 0 0 0 1
1.002053388 0 1 1 1 0 0 0 0 0 0 0 0 0 0
1.002053388 0 1 1 1 1 1 1 1 0 0 0 0 1 1
1.002053388 0 1 1 1 1 1 1 1 1 0 0 0 0 1
1.002053388 0 1 1 1 1 1 1 1 1 0 0 0 0 1
1.002053388 0 1 1 1 1 1 1 1 1 0 0 0 0 1
1.002053388 0 1 1 1 1 1 1 1 1 1 0 1 0 1
1.004791239 1 1 1 1 1 1 1 1 1 0 0 1 0 1
1.00752909 0 1 0 0 0 0 0 0 0 0 0 0 0 0
1.00752909 0 1 1 0 0 0 0 0 0 0 0 0 0 0
1.00752909 0 1 1 0 0 0 0 0 0 0 0 0 0 0
1.00752909 0 1 1 1 0 0 0 0 0 0 0 0 0 0
1.00752909 0 1 1 1 1 0 0 0 0 0 0 0 1 0
1.00752909 0 1 1 1 1 1 1 0 0 0 0 0 0 0
1.00752909 0 1 1 1 1 1 1 1 1 1 0 0 0 1
1.00752909 1 1 1 0 0 0 0 0 0 0 0 0 0 0
1.01026694 0 0 0 0 0 0 0 0 0 0 0 0 0 0
1.01026694 0 1 1 1 1 0 0 0 0 0 0 0 0 0
1.01026694 0 1 1 1 1 0 0 0 0 0 0 0 1 0
1.01026694 0 1 1 1 1 1 0 0 0 0 0 0 0 0
1.01026694 0 1 1 1 1 1 0 0 0 0 0 1 0 0
1.01026694 0 1 1 1 1 1 1 1 0 0 0 0 0 1
1.01026694 0 1 1 1 1 1 1 1 1 0 0 0 0 1
1.013004791 0 1 1 1 1 1 1 0 0 0 0 0 0 1
1.013004791 0 1 1 1 1 1 1 1 1 0 0 0 1 1
1.013004791 1 1 1 1 0 0 0 0 0 0 0 0 0 0
1.013004791 1 1 1 1 1 1 1 1 0 0 0 0 0 1
1.015742642 0 1 1 1 0 0 0 0 0 0 0 1 0 0
1.015742642 0 1 1 1 1 0 0 0 0 0 0 1 0 0
1.015742642 0 1 1 1 1 0 0 0 0 0 0 1 1 0
1.018480493 0 1 1 1 1 1 0 0 0 0 0 1 0 1
1.018480493 0 1 1 1 1 1 1 1 0 0 0 0 0 1
1.018480493 0 1 1 1 1 1 1 1 0 0 0 0 0 1
1.018480493 0 1 1 1 1 1 1 1 0 0 0 0 0 1
1.018480493 0 1 1 1 1 1 1 1 1 0 0 0 0 1
1.018480493 0 1 1 1 1 1 1 1 1 0 0 0 1 1
1.018480493 1 1 1 1 1 1 1 0 0 0 0 0 0 1
1.021218344 0 1 1 1 1 1 0 0 0 0 0 0 0 0
1.021218344 0 1 1 1 1 1 1 1 0 0 0 0 0 1
1.023956194 0 1 1 1 0 0 0 0 0 0 0 0 0 0
1.023956194 0 1 1 1 1 1 0 0 0 0 0 0 0 0
1.023956194 0 1 1 1 1 1 0 0 0 0 0 0 1 0
1.026694045 0 1 1 1 1 1 0 0 0 0 0 0 1 0
1.026694045 1 1 1 1 1 1 1 0 0 0 0 0 0 1
1.029431896 0 1 1 1 1 1 1 1 0 0 0 0 0 1
1.029431896 0 1 1 1 1 1 1 1 1 0 0 0 0 1
1.032169747 1 1 1 1 1 1 1 0 0 0 0 0 0 0
1.034907598 0 1 1 1 0 0 0 0 0 0 0 1 0 0
1.04312115 0 1 1 1 1 1 1 0 0 0 0 0 1 1
1.045859001 0 1 0 0 0 0 0 0 0 0 0 0 0 0
1.051334702 0 1 1 1 1 1 0 0 0 0 0 0 0 1
1.051334702 1 0 0 0 0 0 0 0 0 0 0 1 0 0
1.056810404 1 1 1 1 1 0 0 0 0 0 0 0 0 0
1.065023956 0 1 1 1 1 1 1 1 0 0 0 1 0 1
1.065023956 0 1 1 1 1 1 1 1 1 1 0 0 0 1
1.065023956 1 1 1 1 1 1 1 1 1 1 0 1 0 1
1.070499658 1 1 1 1 0 0 0 0 0 0 0 0 0 0
1.075975359 0 1 0 0 0 0 0 0 0 0 0 0 0 0
1.081451061 0 1 1 1 1 1 1 0 0 0 0 1 0 0
1.084188912 0 1 1 1 1 0 0 0 0 0 0 1 0 0
1.097878166 0 1 1 1 1 1 0 0 0 0 0 0 0 1
1.097878166 1 1 1 1 1 1 1 0 0 0 0 0 0 1
1.100616016 1 1 1 1 1 1 1 1 1 1 0 0 0 1
1.103353867 0 1 1 1 1 1 1 1 0 0 0 0 1 1
1.11156742 1 1 1 1 1 1 1 1 1 0 0 0 0 1
1.11430527 0 1 1 1 1 0 0 0 0 0 0 0 0 0
1.125256674 0 1 1 1 1 1 1 1 0 0 0 0 0 1
1.127994524 1 1 1 1 1 1 0 0 0 0 0 0 0 0
1.130732375 0 1 1 1 1 1 1 1 0 0 0 0 0 1
1.133470226 1 1 1 1 1 1 1 1 0 0 0 0 0 1
1.149897331 1 1 1 1 1 1 1 0 0 0 0 0 1 0
1.152635181 1 1 1 0 0 0 0 0 0 0 0 1 0 0
1.152635181 1 1 1 1 1 1 1 1 1 1 0 0 1 0
1.193702943 1 1 1 1 1 1 0 0 0 0 0 0 1 1
1.201916496 1 1 1 1 1 1 1 1 0 0 0 0 1 1
1.207392197 1 1 1 1 1 1 1 1 1 0 0 0 0 1
1.2183436 1 1 1 1 1 1 1 1 1 0 0 1 0 1
1.264887064 0 1 1 1 1 1 0 0 0 0 0 0 0 0
1.292265572 0 1 1 1 1 1 0 0 0 0 0 0 0 0
1.295003422 1 1 0 0 0 0 0 0 0 0 0 0 0 0
1.297741273 1 1 1 1 0 0 0 0 0 0 0 1 0 0
1.319644079 0 1 1 1 0 0 0 0 0 0 0 1 0 0
1.330595483 1 1 1 1 1 1 1 1 0 0 0 0 0 1
1.360711841 1 1 1 1 1 1 1 1 1 0 0 1 0 1
1.368925394 0 1 1 1 1 0 0 0 0 0 0 0 1 0
1.377138946 1 0 0 0 0 0 0 0 0 0 0 0 0 0
1.382614648 1 1 1 1 1 1 1 1 0 0 0 0 0 0
1.388090349 1 1 1 1 1 1 1 1 1 0 0 0 0 1
1.404517454 1 1 1 1 1 1 1 1 1 1 0 0 0 1
1.409993155 0 1 1 1 0 0 0 0 0 0 0 0 0 1
1.418206708 1 1 1 1 1 1 1 1 1 0 0 0 0 1
1.420944559 1 1 1 1 0 0 0 0 0 0 0 0 1 1
1.437371663 1 1 1 1 1 1 1 1 1 1 0 0 1 1
1.453798768 1 1 1 1 1 0 0 0 0 0 0 0 0 0
1.45927447 0 1 1 1 0 0 0 0 0 0 0 0 1 0
1.464750171 0 1 1 1 1 1 1 1 0 0 0 0 0 0
1.470225873 1 0 0 0 0 0 0 0 0 0 0 0 0 0
1.53045859 1 1 1 1 1 1 1 0 0 0 0 0 0 0
1.538672142 1 1 1 1 1 1 0 0 0 0 0 0 0 0
1.538672142 1 1 1 1 1 1 1 1 1 1 0 1 0 1
1.544147844 1 1 1 1 1 1 0 0 0 0 0 0 1 1
1.56605065 1 1 1 1 1 1 1 1 0 0 0 0 1 0
1.618069815 0 1 1 0 0 0 0 0 0 0 0 0 0 0
1.694729637 0 1 1 0 0 0 0 0 0 0 0 1 0 0
1.70294319 1 1 1 1 1 1 1 1 0 0 0 0 1 0
1.713894593 1 1 1 1 1 1 1 0 0 0 0 0 0 0
1.719370294 0 1 1 1 1 1 1 1 1 1 0 1 0 1
1.746748802 0 1 0 0 0 0 0 0 0 0 0 0 0 0
1.749486653 0 1 1 1 1 1 1 1 0 0 0 0 0 1
1.754962355 1 1 1 1 1 0 0 0 0 0 0 0 0 0
1.760438056 1 1 1 1 1 1 1 1 1 0 0 0 0 1
1.765913758 0 1 1 0 0 0 0 0 0 0 0 0 0 0
1.768651608 0 1 1 1 0 0 0 0 0 0 0 0 1 1
1.782340862 1 1 1 1 1 1 0 0 0 0 0 1 0 0
1.782340862 1 1 1 1 1 1 1 1 1 0 0 0 0 0
1.790554415 1 1 1 1 1 1 1 1 1 0 0 1 0 0
1.80971937 0 1 1 1 1 1 1 1 1 0 0 0 0 1
1.823408624 0 0 0 0 0 0 0 0 0 0 0 0 0 0
1.828884326 0 1 1 1 1 0 0 0 0 0 0 0 0 0
1.859000684 1 1 1 1 1 1 1 1 1 0 0 0 0 1
1.864476386 0 1 1 1 1 1 1 1 0 0 0 0 0 1
1.875427789 0 1 1 1 1 1 1 0 0 0 0 0 0 1
1.87816564 1 1 1 1 1 1 1 0 0 0 0 1 0 1
1.883641342 0 1 1 1 1 1 1 0 0 0 0 0 0 0
1.883641342 0 1 1 1 1 1 1 0 0 0 0 0 1 1
1.886379192 0 1 1 1 1 1 1 1 0 0 0 0 0 1
1.889117043 1 1 1 1 1 1 1 0 0 0 0 0 0 0
1.891854894 0 1 1 0 0 0 0 0 0 0 0 1 0 0
1.894592745 1 1 1 1 1 1 0 0 0 0 0 1 0 0
1.897330595 1 1 1 1 1 1 1 1 1 0 0 1 0 1
1.902806297 0 1 1 1 1 0 0 0 0 0 0 0 0 0
1.905544148 0 1 1 1 1 1 1 1 0 0 0 0 0 1
1.911019849 1 1 1 1 1 1 1 1 1 0 0 1 0 1
1.916495551 0 1 1 1 1 1 1 0 0 0 0 1 0 0
1.927446954 0 1 1 1 0 0 0 0 0 0 0 0 0 0
1.935660507 0 1 1 1 1 0 0 0 0 0 0 0 1 0
1.938398357 0 1 1 1 1 1 1 1 1 0 0 0 1 1
1.941136208 0 1 1 1 1 0 0 0 0 0 0 1 1 0
1.941136208 0 1 1 1 1 1 1 1 0 0 0 0 0 1
1.941136208 0 1 1 1 1 1 1 1 0 0 0 0 0 1
1.943874059 0 1 1 1 1 1 1 0 0 0 0 0 0 1
1.943874059 0 1 1 1 1 1 1 1 1 0 0 1 0 1
1.94661191 0 1 1 1 1 0 0 0 0 0 0 0 1 0
1.94661191 0 1 1 1 1 1 1 1 0 0 0 0 0 1
1.94934976 1 1 1 1 1 0 0 0 0 0 0 0 0 0
1.952087611 0 1 1 1 1 1 1 1 1 0 0 1 0 1
1.954825462 0 1 1 1 1 1 1 1 1 1 1 0 0 1
1.965776865 0 1 1 1 1 1 1 1 1 1 0 0 0 1
1.968514716 0 1 1 1 0 0 0 0 0 0 0 0 0 0
1.968514716 0 1 1 1 1 1 0 0 0 0 0 1 0 0
1.968514716 0 1 1 1 1 1 1 1 0 0 0 1 1 1
1.971252567 0 1 1 0 0 0 0 0 0 0 0 0 1 0
1.971252567 0 1 1 1 0 0 0 0 0 0 0 0 0 0
1.971252567 0 1 1 1 1 1 1 0 0 0 0 0 0 0
1.971252567 0 1 1 1 1 1 1 1 1 0 0 0 0 1
1.976728268 0 1 1 0 0 0 0 0 0 0 0 0 0 0
1.976728268 0 1 1 1 1 0 0 0 0 0 0 1 0 0
1.976728268 0 1 1 1 1 1 1 1 1 1 1 1 0 1
1.979466119 0 1 0 0 0 0 0 0 0 0 0 1 0 0
1.979466119 0 1 1 1 0 0 0 0 0 0 0 0 0 0
1.979466119 0 1 1 1 1 1 1 1 0 0 0 0 1 1
1.98220397 0 1 1 0 0 0 0 0 0 0 0 1 0 0
1.98220397 0 1 1 1 1 1 1 0 0 0 0 0 0 0
1.984941821 0 1 1 1 1 0 0 0 0 0 0 0 0 0
1.984941821 0 1 1 1 1 1 0 0 0 0 0 0 0 1
1.984941821 0 1 1 1 1 1 1 1 0 0 0 0 0 1
1.984941821 0 1 1 1 1 1 1 1 0 0 0 0 1 0
1.984941821 0 1 1 1 1 1 1 1 1 0 0 1 0 1
1.987679671 0 1 1 0 0 0 0 0 0 0 0 0 0 0
1.987679671 0 1 1 1 1 1 1 0 0 0 0 0 0 0
1.987679671 0 1 1 1 1 1 1 1 0 0 0 0 0 0
1.987679671 0 1 1 1 1 1 1 1 0 0 0 0 0 1
1.990417522 0 1 1 1 0 0 0 0 0 0 0 0 0 0
1.990417522 0 1 1 1 1 1 1 1 1 0 0 0 0 1
1.993155373 0 1 1 1 0 0 0 0 0 0 0 1 0 0
1.993155373 1 1 1 1 1 1 1 0 0 0 0 1 0 0
1.995893224 0 1 1 1 1 0 0 0 0 0 0 1 0 0
1.995893224 0 1 1 1 1 1 1 1 0 0 0 1 0 1
1.998631075 0 1 1 0 0 0 0 0 0 0 0 0 0 0
1.998631075 0 1 1 1 1 1 0 0 0 0 0 0 0 0
1.998631075 1 1 1 1 0 0 0 0 0 0 0 0 0 0
2.001368925 0 1 1 1 0 0 0 0 0 0 0 1 0 1
2.001368925 0 1 1 1 1 0 0 0 0 0 0 0 0 0
2.001368925 0 1 1 1 1 1 0 0 0 0 0 0 0 0
2.001368925 0 1 1 1 1 1 1 0 0 0 0 0 0 1
2.001368925 0 1 1 1 1 1 1 1 0 0 0 1 0 1
2.006844627 0 1 1 1 0 0 0 0 0 0 0 0 1 0
2.006844627 0 1 1 1 1 1 1 0 0 0 0 0 0 0
2.006844627 0 1 1 1 1 1 1 1 0 0 0 0 0 1
2.006844627 0 1 1 1 1 1 1 1 1 0 0 0 0 1
2.009582478 0 1 1 1 1 1 1 0 0 0 0 0 0 0
2.012320329 0 1 1 1 1 0 0 0 0 0 0 0 1 0
2.012320329 0 1 1 1 1 1 0 0 0 0 0 1 0 0
2.012320329 0 1 1 1 1 1 0 0 0 0 0 1 0 0
2.015058179 0 1 1 1 1 0 0 0 0 0 0 0 1 0
2.01779603 0 1 1 1 1 1 0 0 0 0 0 0 0 0
2.01779603 1 1 1 1 1 0 0 0 0 0 0 0 1 0
2.023271732 0 1 1 1 1 1 1 1 1 0 0 1 0 1
2.026009582 0 1 1 1 1 1 0 0 0 0 0 0 0 0
2.026009582 0 1 1 1 1 1 1 1 0 0 0 0 0 1
2.026009582 0 1 1 1 1 1 1 1 0 0 0 0 0 1
2.028747433 0 1 1 1 1 1 0 0 0 0 0 1 0 0
2.028747433 0 1 1 1 1 1 1 1 1 1 0 0 0 1
2.031485284 0 1 1 1 1 1 1 0 0 0 0 0 0 0
2.034223135 0 1 1 0 0 0 0 0 0 0 0 0 0 0
2.034223135 0 1 1 1 1 1 0 0 0 0 0 0 1 0
2.034223135 0 1 1 1 1 1 1 1 1 0 0 0 0 1
2.034223135 0 1 1 1 1 1 1 1 1 0 0 0 1 1
2.034223135 0 1 1 1 1 1 1 1 1 0 0 1 0 1
2.036960986 0 1 1 1 1 1 0 0 0 0 0 0 0 0
2.05065024 0 1 1 1 0 0 0 0 0 0 0 1 0 0
2.058863792 0 1 0 0 0 0 0 0 0 0 0 1 0 0
2.061601643 0 1 1 0 0 0 0 0 0 0 0 0 0 0
2.064339493 0 1 1 1 1 1 1 1 0 0 0 0 0 0
2.067077344 0 1 1 1 1 1 1 0 0 0 0 0 0 1
2.069815195 0 1 1 1 1 1 0 0 0 0 0 0 0 0
2.075290897 0 1 1 1 1 1 1 1 1 0 0 0 0 1
2.080766598 0 1 1 1 1 1 0 0 0 0 0 0 1 1
2.083504449 0 1 1 1 1 1 1 1 1 0 0 0 1 1
2.091718001 0 1 1 1 1 1 0 0 0 0 0 0 0 0
2.091718001 1 1 1 1 1 0 0 0 0 0 0 0 0 0
2.099931554 0 1 1 0 0 0 0 0 0 0 0 0 1 1
2.102669405 1 1 1 1 1 1 0 0 0 0 0 0 0 0
2.105407255 1 1 1 1 1 1 1 1 0 0 0 0 0 1
2.110882957 0 1 1 1 1 1 1 1 1 0 0 0 0 1
2.113620808 0 1 1 1 1 1 1 0 0 0 0 0 0 0
2.116358658 0 1 1 1 1 1 1 1 1 0 0 0 0 1
2.127310062 0 1 1 1 1 1 0 0 0 0 0 0 1 0
2.132785763 1 1 0 0 0 0 0 0 0 0 0 1 0 0
2.140999316 0 1 1 1 1 1 0 0 0 0 0 0 0 0
2.140999316 0 1 1 1 1 1 0 0 0 0 0 0 0 0
2.146475017 1 1 0 0 0 0 0 0 0 0 0 0 0 0
2.154688569 0 1 1 1 1 1 0 0 0 0 0 0 0 0
2.154688569 0 1 1 1 1 1 1 1 0 0 0 0 1 1
2.162902122 0 1 1 1 0 0 0 0 0 0 0 0 1 0
2.168377823 0 1 1 1 1 1 1 0 0 0 0 0 0 1
2.168377823 0 1 1 1 1 1 1 1 0 0 0 0 0 1
2.184804928 0 1 1 1 1 1 0 0 0 0 0 0 0 0
2.203969884 1 1 1 0 0 0 0 0 0 0 0 0 0 1
2.212183436 0 1 1 1 1 1 1 0 0 0 0 0 1 1
2.212183436 0 1 1 1 1 1 1 1 1 1 0 0 1 0
2.223134839 1 1 1 1 1 1 1 1 0 0 0 1 0 1
2.231348392 0 1 1 1 1 1 1 1 1 0 0 0 0 1
2.266940452 1 1 1 1 1 0 0 0 0 0 0 0 1 0
2.283367556 0 1 1 0 0 0 0 0 0 0 0 0 0 0
2.29431896 1 1 1 1 1 1 1 1 0 0 0 0 1 1
2.29705681 1 1 1 1 0 0 0 0 0 0 0 0 0 0
2.308008214 1 1 1 0 0 0 0 0 0 0 0 0 1 0
2.332648871 1 1 1 1 1 1 1 1 0 0 0 1 0 1
2.362765229 0 1 0 0 0 0 0 0 0 0 0 1 0 0
2.368240931 1 1 1 1 1 1 1 1 1 0 0 0 0 0
2.403832991 1 1 1 1 1 1 1 1 0 0 0 0 0 1
2.428473648 1 1 1 1 1 1 1 0 0 0 0 0 0 1
2.43394935 1 1 1 1 1 0 0 0 0 0 0 1 0 0
2.436687201 1 0 0 0 0 0 0 0 0 0 0 1 0 0
2.436687201 1 1 1 1 1 1 1 1 0 0 0 1 0 0
2.455852156 1 1 1 1 1 1 1 0 0 0 0 1 0 1
2.458590007 0 1 1 1 0 0 0 0 0 0 0 0 0 0
2.472279261 1 1 1 1 1 1 0 0 0 0 0 0 1 1
2.477754962 1 1 1 1 1 1 0 0 0 0 0 0 1 1
2.496919918 1 1 1 1 1 1 1 1 1 0 0 0 1 1
2.50513347 0 1 1 1 0 0 0 0 0 0 0 0 0 0
2.546201232 1 1 1 1 1 1 1 1 0 0 0 0 0 1
2.568104038 0 1 1 1 1 1 1 1 0 0 0 0 0 0
2.581793292 1 1 1 1 1 1 0 0 0 0 0 0 1 0
2.606433949 1 1 1 1 1 1 1 1 1 0 0 0 0 1
2.647501711 1 1 1 1 1 1 1 1 0 0 0 0 0 1
2.647501711 1 1 1 1 1 1 1 1 1 0 0 1 0 1
2.655715264 1 1 1 1 1 1 0 0 0 0 0 0 1 0
2.666666667 1 1 1 1 1 1 1 1 1 1 0 0 0 1
2.685831622 1 1 1 1 1 1 1 1 0 0 0 0 0 0
2.694045175 0 1 1 1 1 1 0 0 0 0 0 1 1 1
2.707734428 0 1 1 1 1 1 0 0 0 0 0 0 1 0
2.715947981 0 1 1 0 0 0 0 0 0 0 0 1 0 0
2.726899384 1 1 1 1 1 1 1 1 0 0 0 0 0 1
2.732375086 1 1 1 1 1 1 1 0 0 0 0 1 0 1
2.751540041 0 1 1 1 1 0 0 0 0 0 0 0 1 0
2.754277892 0 1 1 1 1 0 0 0 0 0 0 0 0 0
2.762491444 1 1 1 1 1 1 1 0 0 0 0 0 0 0
2.776180698 1 1 1 1 1 1 1 1 0 0 0 0 0 1
2.784394251 0 1 1 1 1 1 0 0 0 0 0 0 0 0
2.828199863 0 1 1 1 1 1 1 1 1 0 0 0 0 1
2.836413415 1 1 1 1 1 1 1 1 1 0 0 0 1 1
2.880219028 0 1 1 1 1 1 1 0 0 0 0 0 0 0
2.88843258 0 1 1 1 1 1 1 1 0 0 0 0 0 1
2.88843258 1 1 1 1 1 1 0 0 0 0 0 0 0 1
2.896646133 1 1 1 1 1 1 1 1 1 0 0 0 1 1
2.902121834 0 1 1 1 1 1 0 0 0 0 0 0 0 0
2.907597536 0 1 1 0 0 0 0 0 0 0 0 0 0 0
2.915811088 0 1 1 1 1 1 1 0 0 0 0 0 0 0
2.924024641 0 1 1 1 1 1 1 0 0 0 0 0 0 0
2.926762491 0 1 1 1 0 0 0 0 0 0 0 0 0 0
2.926762491 0 1 1 1 1 1 1 1 0 0 0 0 0 1
2.932238193 0 1 1 1 1 1 1 1 0 0 0 0 1 1
2.940451745 0 1 1 1 1 0 0 0 0 0 0 1 0 0
2.940451745 0 1 1 1 1 1 1 0 0 0 0 0 1 1
2.943189596 0 1 1 1 1 1 1 0 0 0 0 0 0 0
2.943189596 0 1 1 1 1 1 1 0 0 0 0 0 0 1
2.948665298 0 1 1 1 1 1 0 0 0 0 0 0 0 0
2.951403149 0 1 1 1 1 0 0 0 0 0 0 0 0 0
2.951403149 0 1 1 1 1 0 0 0 0 0 0 0 0 1
2.954140999 0 1 1 1 1 1 0 0 0 0 0 0 0 1
2.95687885 0 1 1 1 0 0 0 0 0 0 0 0 0 0
2.962354552 0 0 0 0 0 0 0 0 0 0 0 0 1 0
2.962354552 0 1 1 1 1 1 1 0 0 0 0 0 0 1
2.965092402 0 1 1 0 0 0 0 0 0 0 0 0 0 0
2.965092402 0 1 1 0 0 0 0 0 0 0 0 1 0 0
2.967830253 0 1 1 1 0 0 0 0 0 0 0 0 0 0
2.967830253 0 1 1 1 1 1 0 0 0 0 0 0 0 0
2.967830253 0 1 1 1 1 1 0 0 0 0 0 0 0 1
2.970568104 0 1 1 1 1 1 1 0 0 0 0 0 1 0
2.970568104 0 1 1 1 1 1 1 1 0 0 0 0 0 1
2.973305955 0 1 1 1 1 1 1 1 1 1 0 0 1 1
2.981519507 1 1 1 1 1 1 0 0 0 0 0 0 0 1
2.986995209 0 1 1 1 1 1 1 0 0 0 0 0 1 0
2.986995209 0 1 1 1 1 1 1 1 1 0 0 1 0 1
2.986995209 1 1 1 1 0 0 0 0 0 0 0 0 1 0
2.99247091 0 1 1 1 1 1 1 0 0 0 0 0 0 1
2.99247091 1 1 1 0 0 0 0 0 0 0 0 0 0 0
2.995208761 0 1 1 1 1 1 0 0 0 0 0 0 1 0
2.995208761 0 1 1 1 1 1 1 1 0 0 0 0 0 1
3.000684463 0 1 1 1 1 1 0 0 0 0 0 1 0 0
3.003422313 0 1 1 1 0 0 0 0 0 0 0 0 0 0
3.003422313 0 1 1 1 0 0 0 0 0 0 0 0 0 0
3.003422313 0 1 1 1 1 1 1 1 1 0 0 0 0 1
3.003422313 0 1 1 1 1 1 1 1 1 0 0 0 0 1
3.006160164 1 1 1 0 0 0 0 0 0 0 0 0 0 0
3.008898015 0 1 1 1 1 1 0 0 0 0 0 0 1 1
3.008898015 0 1 1 1 1 1 1 0 0 0 0 0 1 0
3.008898015 0 1 1 1 1 1 1 1 0 0 0 0 0 1
3.011635866 0 1 1 1 1 0 0 0 0 0 0 1 0 1
3.011635866 0 1 1 1 1 1 0 0 0 0 0 0 1 1
3.011635866 0 1 1 1 1 1 1 1 0 0 0 0 0 1
3.014373717 0 1 0 0 0 0 0 0 0 0 0 0 0 0
3.017111567 0 1 1 1 1 0 0 0 0 0 0 0 0 0
3.017111567 0 1 1 1 1 1 0 0 0 0 0 0 0 0
3.017111567 0 1 1 1 1 1 0 0 0 0 0 0 0 0
3.017111567 0 1 1 1 1 1 1 0 0 0 0 0 0 1
3.017111567 1 1 1 0 0 0 0 0 0 0 0 0 0 0
3.019849418 0 1 1 1 1 1 1 1 1 0 0 0 0 1
3.019849418 1 1 1 1 1 1 1 1 1 0 0 0 0 1
3.030800821 0 1 1 0 0 0 0 0 0 0 0 0 1 0
3.030800821 0 1 1 1 1 1 1 1 1 0 0 0 0 1
3.033538672 0 1 1 1 1 1 1 0 0 0 0 0 0 0
3.039014374 1 1 1 1 1 1 0 0 0 0 0 0 0 0
3.041752225 0 1 1 0 0 0 0 0 0 0 0 0 0 0
3.041752225 0 1 1 1 1 1 0 0 0 0 0 0 0 0
3.052703628 0 1 1 1 1 1 1 1 1 1 0 0 0 1
3.058179329 0 1 1 1 1 1 1 1 0 0 0 0 0 1
3.071868583 0 1 1 1 1 1 1 1 0 0 0 0 0 1
3.074606434 1 1 1 0 0 0 0 0 0 0 0 0 1 0
3.077344285 0 1 1 1 1 1 1 1 1 0 0 0 1 1
3.082819986 1 1 1 1 1 1 0 0 0 0 0 0 1 0
3.085557837 0 1 1 1 1 1 0 0 0 0 0 0 1 0
3.088295688 0 1 1 1 1 1 1 0 0 0 0 0 0 1
3.093771389 0 1 1 1 1 1 1 1 1 0 0 1 0 1
3.104722793 1 1 1 1 1 1 1 1 0 0 0 1 0 1
3.104722793 1 1 1 1 1 1 1 1 1 0 0 0 0 1
3.110198494 1 1 1 1 1 1 1 0 0 0 0 0 0 1
3.112936345 0 1 1 1 1 0 0 0 0 0 0 0 1 0
3.112936345 1 1 1 1 1 1 1 1 0 0 0 0 1 1
3.115674196 0 1 0 0 0 0 0 0 0 0 0 0 1 1
3.115674196 0 1 1 1 1 1 1 1 0 0 0 0 1 0
3.159479808 0 1 1 1 1 0 0 0 0 0 0 0 0 0
3.167693361 1 1 1 1 1 1 1 1 1 0 0 0 1 1
3.170431211 0 1 1 1 1 1 1 1 0 0 0 0 0 1
3.178644764 0 1 1 1 1 0 0 0 0 0 0 0 1 0
3.181382615 0 1 1 1 1 1 0 0 0 0 0 0 0 0
3.184120465 1 1 1 1 1 1 1 1 1 0 0 1 1 1
3.189596167 0 1 1 0 0 0 0 0 0 0 0 0 1 0
3.203285421 0 1 1 1 1 1 0 0 0 0 0 0 0 0
3.208761123 0 1 1 1 1 1 1 1 1 0 0 0 0 1
3.244353183 1 1 1 1 1 1 1 1 0 0 0 1 0 1
3.258042437 1 1 1 1 1 1 0 0 0 0 0 0 0 0
3.260780287 0 1 1 1 1 1 1 0 0 0 0 0 0 0
3.288158795 1 1 1 1 1 1 1 1 0 0 0 0 0 1
3.293634497 0 1 1 1 1 1 1 1 0 0 0 0 0 0
3.301848049 1 1 1 1 1 1 1 0 0 0 0 0 0 1
3.318275154 1 1 1 1 0 0 0 0 0 0 0 0 1 1
3.318275154 1 1 1 1 1 0 0 0 0 0 0 0 0 0
3.321013005 0 1 1 1 1 1 1 0 0 0 0 1 0 1
3.323750856 1 1 1 1 1 1 1 1 1 1 0 0 0 1
3.362080767 1 1 0 0 0 0 0 0 0 0 0 0 0 0
3.37303217 1 1 1 1 1 1 1 1 0 0 0 0 0 1
3.378507871 1 1 1 1 1 1 1 0 0 0 0 0 0 1
3.397672827 1 0 0 0 0 0 0 0 0 0 0 1 0 0
3.405886379 1 1 1 1 0 0 0 0 0 0 0 1 0 1
3.414099932 0 1 1 1 0 0 0 0 0 0 0 1 0 0
3.438740589 1 1 1 1 1 1 1 1 0 0 0 1 0 0
3.441478439 1 1 1 1 1 1 1 1 1 1 0 0 1 1
3.47980835 1 1 1 1 1 1 1 1 1 0 0 1 0 0
3.556468172 1 1 1 1 1 1 1 0 0 0 0 0 0 0
3.603011636 1 1 1 1 0 0 0 0 0 0 0 0 0 0
3.611225188 1 1 1 1 0 0 0 0 0 0 0 0 0 0
3.613963039 0 1 1 1 1 1 0 0 0 0 0 1 1 0
3.61670089 1 1 0 0 0 0 0 0 0 0 0 1 0 0
3.665982204 1 1 1 1 1 1 1 1 1 0 0 1 0 1
3.671457906 1 1 1 1 0 0 0 0 0 0 0 0 1 0
3.685147159 0 1 1 1 1 1 1 0 0 0 0 0 0 1
3.68788501 1 1 1 0 0 0 0 0 0 0 0 0 1 0
3.68788501 1 1 1 1 0 0 0 0 0 0 0 0 0 0
3.696098563 1 1 1 1 1 0 0 0 0 0 0 0 0 0
3.698836413 1 1 1 1 0 0 0 0 0 0 0 0 0 0
3.704312115 1 1 1 1 1 1 1 1 0 0 0 0 1 1
3.728952772 0 1 1 1 1 1 0 0 0 0 0 0 0 1
3.734428474 1 1 0 0 0 0 0 0 0 0 0 0 0 0
3.745379877 1 1 1 1 1 1 1 0 0 0 0 0 0 0
3.750855578 0 1 1 0 0 0 0 0 0 0 0 0 0 0
3.75633128 0 1 1 1 1 1 1 1 1 0 0 0 0 1
3.764544832 1 1 1 1 1 1 1 1 0 0 0 0 0 1
3.767282683 0 1 1 1 1 1 0 0 0 0 0 0 0 0
3.775496235 0 1 1 1 1 1 1 0 0 0 0 0 0 0
3.775496235 1 0 0 0 0 0 0 0 0 0 0 0 0 0
3.786447639 0 1 1 1 1 1 1 1 1 0 0 0 0 1
3.79192334 0 1 1 1 1 1 1 1 1 0 0 0 1 1
3.79192334 1 1 0 0 0 0 0 0 0 0 0 1 0 0
3.797399042 1 1 1 1 0 0 0 0 0 0 0 0 0 0
3.832991102 0 1 1 1 1 1 0 0 0 0 0 0 0 0
3.835728953 1 1 1 1 1 1 0 0 0 0 0 0 0 0
3.843942505 0 1 1 1 1 1 1 1 1 0 0 0 0 1
3.846680356 1 1 1 1 1 1 1 1 0 0 0 1 0 1
3.849418207 0 1 1 1 1 1 1 1 1 1 0 0 0 0
3.852156057 1 1 1 1 1 1 1 0 0 0 0 1 0 1
3.857631759 0 1 1 1 1 1 1 1 1 1 1 0 0 1
3.86036961 0 1 1 0 0 0 0 0 0 0 0 0 1 0
3.868583162 0 1 1 1 1 0 0 0 0 0 0 1 0 0
3.874058864 0 1 1 1 1 1 0 0 0 0 0 0 1 1
3.876796715 0 1 1 1 1 1 0 0 0 0 0 0 0 1
3.876796715 1 1 1 1 1 1 1 1 0 0 0 0 0 1
3.89596167 0 1 1 1 1 1 1 1 1 0 0 0 1 0
3.901437372 0 1 1 1 0 0 0 0 0 0 0 0 0 0
3.906913073 0 1 1 1 1 1 1 0 0 0 0 0 0 0
3.906913073 1 1 1 1 1 1 1 1 1 1 0 0 0 0
3.912388775 0 1 1 1 1 1 1 1 0 0 0 0 0 1
3.915126626 0 1 1 1 1 1 1 0 0 0 0 0 0 0
3.917864476 0 1 0 0 0 0 0 0 0 0 0 1 0 0
3.920602327 0 1 1 1 0 0 0 0 0 0 0 0 1 0
3.920602327 0 1 1 1 1 1 1 0 0 0 0 0 0 0
3.926078029 0 1 0 0 0 0 0 0 0 0 0 1 0 0
3.926078029 0 1 1 1 1 1 1 1 0 0 0 0 0 1
3.92881588 0 1 0 0 0 0 0 0 0 0 0 0 0 0
3.92881588 0 1 1 1 1 1 0 0 0 0 0 0 0 0
3.93155373 0 1 1 0 0 0 0 0 0 0 0 0 1 0
3.93155373 0 1 1 1 0 0 0 0 0 0 0 0 0 0
3.93155373 0 1 1 1 1 1 1 1 0 0 0 0 0 1
3.93155373 0 1 1 1 1 1 1 1 0 0 0 0 1 0
3.937029432 1 1 1 1 1 0 0 0 0 0 0 0 1 1
3.945242984 0 1 1 0 0 0 0 0 0 0 0 0 1 0
3.945242984 0 1 1 1 1 1 1 0 0 0 0 0 0 1
3.945242984 0 1 1 1 1 1 1 0 0 0 0 0 0 1
3.945242984 0 1 1 1 1 1 1 1 0 0 0 0 0 1
3.953456537 0 1 1 1 1 1 1 0 0 0 0 0 0 1
3.953456537 0 1 1 1 1 1 1 1 0 0 0 0 0 0
3.956194387 0 1 1 1 1 1 1 1 1 0 0 0 0 1
3.956194387 0 1 1 1 1 1 1 1 1 0 0 0 0 1
3.956194387 0 1 1 1 1 1 1 1 1 1 0 0 0 1
3.961670089 0 1 1 1 1 1 1 0 0 0 0 0 0 0
3.961670089 1 1 1 1 1 1 1 1 0 0 0 0 0 1
3.96440794 0 1 1 1 0 0 0 0 0 0 0 0 0 0
3.96440794 0 1 1 1 0 0 0 0 0 0 0 0 0 0
3.96440794 0 1 1 1 1 1 1 1 0 0 0 0 0 1
3.967145791 0 1 1 1 1 1 0 0 0 0 0 1 0 0
3.967145791 0 1 1 1 1 1 1 1 0 0 0 0 0 1
3.969883641 0 1 1 0 0 0 0 0 0 0 0 0 0 0
3.969883641 0 1 1 1 1 1 1 1 1 0 0 1 0 1
3.972621492 0 1 1 1 1 0 0 0 0 0 0 0 0 0
3.972621492 0 1 1 1 1 1 1 1 1 0 0 0 0 1
3.975359343 0 1 1 0 0 0 0 0 0 0 0 0 1 1
3.978097194 0 1 1 0 0 0 0 0 0 0 0 0 0 0
3.978097194 0 1 1 1 1 1 1 0 0 0 0 1 0 0
3.978097194 0 1 1 1 1 1 1 1 1 0 0 1 0 1
3.980835044 0 1 1 1 1 1 1 1 0 0 0 0 0 1
3.983572895 0 1 1 1 0 0 0 0 0 0 0 1 0 0
3.983572895 0 1 1 1 1 0 0 0 0 0 0 1 1 0
3.983572895 0 1 1 1 1 1 1 0 0 0 0 0 0 0
3.983572895 1 1 1 1 1 1 1 0 0 0 0 1 0 0
3.986310746 0 1 1 1 1 1 1 1 0 0 0 0 0 1
3.989048597 0 1 1 1 1 0 0 0 0 0 0 0 0 0
3.989048597 0 1 1 1 1 1 0 0 0 0 0 0 0 0
3.989048597 0 1 1 1 1 1 0 0 0 0 0 0 1 0
3.989048597 0 1 1 1 1 1 1 1 1 0 0 1 0 1
3.989048597 0 1 1 1 1 1 1 1 1 0 0 1 0 1
3.991786448 0 1 1 1 1 1 1 0 0 0 0 0 0 0
3.991786448 0 1 1 1 1 1 1 1 0 0 0 0 0 1
3.991786448 0 1 1 1 1 1 1 1 0 0 0 0 0 1
3.991786448 0 1 1 1 1 1 1 1 0 0 0 0 0 1
3.994524298 0 1 1 1 1 1 1 1 0 0 0 0 1 0
3.994524298 0 1 1 1 1 1 1 1 0 0 0 0 1 1
3.997262149 0 1 1 1 0 0 0 0 0 0 0 0 0 0
4.0 0 1 1 1 1 1 1 1 1 0 0 0 0 1
4.002737851 0 1 1 1 1 1 1 1 1 0 0 0 0 1
4.002737851 1 1 1 0 0 0 0 0 0 0 0 0 1 0
4.002737851 1 1 1 1 1 1 1 1 1 0 0 0 0 0
4.005475702 0 1 1 1 1 0 0 0 0 0 0 0 1 0
4.005475702 0 1 1 1 1 1 1 0 0 0 0 0 0 0
4.005475702 0 1 1 1 1 1 1 0 0 0 0 0 0 1
4.005475702 0 1 1 1 1 1 1 1 1 0 0 1 0 1
4.010951403 0 1 1 1 1 1 0 0 0 0 0 0 0 0
4.016427105 0 1 1 1 1 1 1 1 1 0 0 0 0 1
4.016427105 1 1 1 1 1 1 1 0 0 0 0 0 1 1
4.019164956 0 1 1 1 1 1 0 0 0 0 0 0 1 0
4.021902806 0 1 1 1 1 1 1 0 0 0 0 0 1 1
4.021902806 0 1 1 1 1 1 1 1 1 1 0 0 0 1
4.024640657 0 1 0 0 0 0 0 0 0 0 0 0 0 0
4.041067762 0 1 1 1 1 1 0 0 0 0 0 0 1 0
4.052019165 0 1 1 1 0 0 0 0 0 0 0 0 0 0
4.060232717 0 1 1 0 0 0 0 0 0 0 0 0 1 0
4.062970568 0 1 1 1 1 1 1 1 1 1 0 1 0 1
4.065708419 1 1 1 1 1 0 0 0 0 0 0 0 0 0
4.082135524 0 1 1 1 1 1 1 1 1 0 0 1 0 0
4.087611225 0 1 1 1 1 1 1 1 1 1 0 0 0 1
4.090349076 1 1 1 1 1 1 1 1 0 0 0 0 0 1
4.095824778 0 1 1 0 0 0 0 0 0 0 0 0 0 0
4.095824778 0 1 1 1 1 1 1 0 0 0 0 0 1 1
4.098562628 1 1 1 1 1 0 0 0 0 0 0 0 0 0
4.106776181 0 1 1 1 1 0 0 0 0 0 0 0 0 0
4.109514031 0 1 1 1 1 1 0 0 0 0 0 0 0 0
4.114989733 0 1 1 1 1 1 0 0 0 0 0 0 0 0
4.123203285 0 1 1 0 0 0 0 0 0 0 0 0 0 0
4.123203285 1 0 0 0 0 0 0 0 0 0 0 0 0 0
4.123203285 1 1 1 1 0 0 0 0 0 0 0 0 0 0
4.123203285 1 1 1 1 1 0 0 0 0 0 0 0 0 1
4.128678987 0 1 1 1 1 1 1 1 0 0 0 0 0 0
4.131416838 1 1 1 1 1 1 1 1 1 0 0 0 0 1
4.134154689 0 1 1 1 1 0 0 0 0 0 0 0 0 0
4.147843943 0 1 1 0 0 0 0 0 0 0 0 0 0 0
4.147843943 0 1 1 1 0 0 0 0 0 0 0 0 1 0
4.150581793 0 1 1 1 1 1 1 1 1 0 0 0 1 1
4.156057495 1 1 1 1 1 1 1 0 0 0 0 1 0 1
4.158795346 0 0 0 0 0 0 0 0 0 0 0 0 0 0
4.158795346 0 1 1 1 1 1 1 0 0 0 0 0 0 1
4.158795346 0 1 1 1 1 1 1 1 1 0 0 0 1 1
4.169746749 1 1 1 1 1 0 0 0 0 0 0 0 0 0
4.180698152 1 0 0 0 0 0 0 0 0 0 0 0 1 1
4.183436003 1 1 1 1 1 1 1 1 0 0 0 0 0 1
4.188911704 1 1 1 1 1 0 0 0 0 0 0 0 0 0
4.197125257 1 1 1 0 0 0 0 0 0 0 0 0 0 0
4.260095825 1 1 1 1 1 1 1 0 0 0 0 1 0 0
4.301163587 1 1 1 0 0 0 0 0 0 0 0 0 0 0
4.314852841 1 1 1 1 1 1 0 0 0 0 0 0 0 0
4.323066393 1 1 1 1 1 1 1 1 1 1 0 0 0 1
4.350444901 1 1 1 1 1 1 1 1 1 0 0 0 0 1
4.375085558 0 1 1 1 1 1 1 1 0 0 0 0 1 0
4.380561259 1 1 1 1 1 0 0 0 0 0 0 0 1 0
4.429842574 1 1 1 1 1 1 0 0 0 0 0 0 0 1
4.443531828 1 1 1 1 1 1 0 0 0 0 0 0 0 1
4.449007529 1 1 1 1 1 1 1 0 0 0 0 0 1 1
4.459958932 1 1 1 1 1 0 0 0 0 0 0 0 0 0
4.468172485 0 1 1 1 1 1 1 0 0 0 0 0 0 0
4.490075291 1 1 1 0 0 0 0 0 0 0 0 1 0 0
4.506502396 0 1 1 1 1 1 1 0 0 0 0 1 0 0
4.509240246 0 1 1 1 1 0 0 0 0 0 0 1 0 0
4.588637919 1 1 1 1 1 1 0 0 0 0 0 1 1 0
4.59137577 1 1 1 1 1 1 1 1 0 0 0 0 0 1
4.596851472 1 1 1 1 1 1 1 1 1 0 0 1 0 1
4.648870637 0 1 1 1 1 0 0 0 0 0 0 0 0 0
4.654346338 1 1 1 1 0 0 0 0 0 0 0 0 0 0
4.689938398 1 1 1 1 1 1 1 1 0 0 0 1 0 1
4.722792608 1 1 1 1 0 0 0 0 0 0 0 0 1 1
4.725530459 0 1 1 0 0 0 0 0 0 0 0 0 1 0
4.739219713 0 1 1 1 1 1 1 0 0 0 0 1 0 1
4.761122519 0 1 1 1 1 0 0 0 0 0 0 0 1 1
4.761122519 1 1 1 1 1 1 1 0 0 0 0 0 0 1
4.774811773 1 1 1 1 1 1 1 0 0 0 0 0 0 0
4.785763176 1 1 1 1 1 1 1 1 1 0 0 0 0 1
4.788501027 0 1 1 1 1 1 1 1 1 0 0 0 0 1
4.79945243 0 1 1 1 1 1 0 0 0 0 0 0 0 0
4.837782341 0 1 1 1 1 0 0 0 0 0 0 0 0 0
4.840520192 1 1 1 1 1 1 0 0 0 0 0 1 0 0
4.848733744 1 1 1 1 1 0 0 0 0 0 0 0 1 0
4.851471595 0 1 1 1 1 1 1 0 0 0 0 0 0 1
4.865160849 0 1 1 1 1 1 1 0 0 0 0 0 0 0
4.865160849 1 1 1 1 1 1 0 0 0 0 0 0 0 0
4.884325804 0 1 0 0 0 0 0 0 0 0 0 0 0 0
4.884325804 0 1 1 1 1 1 1 1 1 0 0 0 0 1
4.887063655 1 1 1 1 1 1 1 1 0 0 0 0 0 0
4.889801506 0 1 1 1 1 0 0 0 0 0 0 0 1 0
4.895277207 0 1 1 1 1 0 0 0 0 0 0 0 0 0
4.898015058 0 1 1 0 0 0 0 0 0 0 0 0 1 0
4.90349076 0 1 1 1 1 1 1 0 0 0 0 0 0 0
4.90349076 0 1 1 1 1 1 1 1 1 0 0 0 0 1
4.906228611 0 1 1 1 1 0 0 0 0 0 0 0 1 0
4.906228611 0 1 1 1 1 1 1 1 1 1 0 0 0 1
4.908966461 0 1 1 1 1 1 1 0 0 0 0 0 0 1
4.908966461 0 1 1 1 1 1 1 1 0 0 0 1 0 1
4.911704312 0 1 0 0 0 0 0 0 0 0 0 1 0 0
4.911704312 0 1 1 1 1 1 0 0 0 0 0 0 0 1
4.919917864 0 1 1 1 1 1 1 0 0 0 0 0 0 1
4.928131417 0 1 1 1 1 1 1 1 1 0 0 0 0 1
4.928131417 0 1 1 1 1 1 1 1 1 0 0 0 1 1
4.930869268 0 1 1 1 1 0 0 0 0 0 0 1 0 0
4.930869268 0 1 1 1 1 1 0 0 0 0 0 0 0 0
4.936344969 0 1 1 1 1 1 1 1 1 0 0 0 1 1
4.93908282 0 1 1 1 1 1 1 1 0 0 0 0 0 1
4.93908282 0 1 1 1 1 1 1 1 1 0 0 0 1 1
4.941820671 0 1 1 1 1 1 1 0 0 0 0 0 0 1
4.941820671 1 1 1 1 1 1 1 1 0 0 0 1 0 1
4.944558522 0 1 1 1 1 1 1 0 0 0 0 0 0 0
4.944558522 0 1 1 1 1 1 1 0 0 0 0 0 0 1
4.950034223 1 1 1 1 1 1 1 1 1 0 0 0 1 1
4.952772074 0 1 1 1 1 1 0 0 0 0 0 0 1 0
4.955509925 0 1 1 1 1 1 1 1 1 1 0 0 0 1
4.966461328 0 1 1 0 0 0 0 0 0 0 0 0 0 0
4.969199179 0 1 1 1 1 0 0 0 0 0 0 0 0 1
4.969199179 0 1 1 1 1 1 0 0 0 0 0 0 0 0
4.971937029 0 1 1 1 1 1 0 0 0 0 0 0 0 1
4.971937029 0 1 1 1 1 1 0 0 0 0 0 1 0 0
4.97467488 0 1 1 1 1 0 0 0 0 0 0 0 0 0
4.97467488 0 1 1 1 1 0 0 0 0 0 0 0 0 0
4.977412731 0 1 1 1 1 0 0 0 0 0 0 0 1 0
4.977412731 0 1 1 1 1 1 1 0 0 0 0 0 0 0
4.977412731 0 1 1 1 1 1 1 1 0 0 0 0 0 1
4.980150582 0 1 1 1 0 0 0 0 0 0 0 0 0 0
4.980150582 0 1 1 1 1 0 0 0 0 0 0 0 0 0
4.980150582 0 1 1 1 1 1 1 1 1 0 0 0 0 1
4.985626283 0 1 1 1 1 1 0 0 0 0 0 0 0 0
4.988364134 0 1 1 1 1 1 1 0 0 0 0 1 0 1
4.993839836 0 1 1 1 1 1 0 0 0 0 0 0 1 0
4.996577687 0 1 1 0 0 0 0 0 0 0 0 0 1 0
4.996577687 0 1 1 1 1 1 1 1 0 0 0 1 0 0
5.002053388 0 1 1 1 0 0 0 0 0 0 0 0 0 0
5.002053388 0 1 1 1 1 0 0 0 0 0 0 0 1 0
5.002053388 0 1 1 1 1 1 0 0 0 0 0 0 0 0
5.002053388 0 1 1 1 1 1 0 0 0 0 0 0 0 0
5.002053388 0 1 1 1 1 1 1 1 0 0 0 0 0 1
5.00752909 0 1 1 0 0 0 0 0 0 0 0 0 0 0
5.01026694 0 1 1 1 1 1 1 0 0 0 0 0 0 1
5.01026694 0 1 1 1 1 1 1 1 0 0 0 0 0 1
5.013004791 0 1 1 0 0 0 0 0 0 0 0 0 0 0
5.013004791 0 1 1 1 1 1 1 1 0 0 0 0 1 0
5.013004791 0 1 1 1 1 1 1 1 1 1 1 0 0 1
5.015742642 1 1 1 1 1 1 1 1 1 0 0 0 0 1
5.018480493 0 1 1 1 1 1 1 1 0 0 0 0 0 1
5.018480493 0 1 1 1 1 1 1 1 1 0 0 0 0 1
5.018480493 0 1 1 1 1 1 1 1 1 1 0 0 0 1
5.021218344 0 1 1 0 0 0 0 0 0 0 0 0 0 0
5.021218344 0 1 1 1 0 0 0 0 0 0 0 0 1 0
5.021218344 0 1 1 1 0 0 0 0 0 0 0 0 1 0
5.021218344 0 1 1 1 1 1 1 0 0 0 0 0 1 0
5.021218344 0 1 1 1 1 1 1 1 0 0 0 0 0 1
5.021218344 0 1 1 1 1 1 1 1 1 0 0 0 0 1
5.021218344 1 1 1 1 1 1 1 1 0 0 0 1 0 0
5.023956194 0 1 1 1 1 1 1 1 0 0 0 1 0 1
5.026694045 0 1 1 1 1 1 0 0 0 0 0 0 0 0
5.026694045 0 1 1 1 1 1 0 0 0 0 0 0 0 1
5.026694045 0 1 1 1 1 1 0 0 0 0 0 0 1 0
5.032169747 0 1 1 1 0 0 0 0 0 0 0 0 0 0
5.032169747 0 1 1 1 1 1 1 0 0 0 0 0 0 0
5.034907598 0 1 1 1 1 1 1 0 0 0 0 1 0 1
5.037645448 0 1 1 1 1 1 1 1 1 0 0 1 0 1
5.04312115 0 1 1 1 1 0 0 0 0 0 0 1 0 0
5.04312115 0 1 1 1 1 1 1 1 0 0 0 0 0 1
5.048596851 0 1 1 1 1 1 0 0 0 0 0 0 0 0
5.051334702 0 1 1 1 0 0 0 0 0 0 0 1 0 0
5.059548255 0 1 1 1 1 1 1 1 0 0 0 1 0 0
5.062286105 1 1 1 1 1 0 0 0 0 0 0 0 0 0
5.065023956 0 1 1 1 1 1 0 0 0 0 0 0 0 0
5.065023956 1 1 1 1 1 1 1 0 0 0 0 0 1 0
5.073237509 0 1 1 1 1 1 1 0 0 0 0 0 0 0
5.075975359 0 1 1 0 0 0 0 0 0 0 0 0 1 0
5.081451061 0 1 1 1 1 0 0 0 0 0 0 0 0 0
5.084188912 0 1 1 1 1 1 1 0 0 0 0 1 0 0
5.097878166 0 1 1 1 1 1 1 1 0 0 0 0 0 1
5.100616016 0 1 1 1 1 0 0 0 0 0 0 0 0 0
5.103353867 1 1 1 1 1 1 0 0 0 0 0 1 0 0
5.11430527 0 1 1 1 1 0 0 0 0 0 0 0 0 1
5.11430527 0 1 1 1 1 1 1 1 0 0 0 0 0 0
5.122518823 0 1 0 0 0 0 0 0 0 0 0 0 0 0
5.136208077 1 1 1 1 1 1 1 1 0 0 0 0 0 1
5.138945927 1 1 1 1 1 1 1 1 0 0 0 0 1 0
5.155373032 0 1 1 0 0 0 0 0 0 0 0 0 0 0
5.169062286 0 1 1 1 1 1 0 0 0 0 0 1 0 0
5.18275154 0 1 1 1 1 1 1 0 0 0 0 1 0 0
5.215605749 0 0 0 0 0 0 0 0 0 0 0 1 0 0
5.221081451 0 1 1 1 1 1 0 0 0 0 0 0 0 0
5.232032854 1 1 1 1 1 0 0 0 0 0 0 1 0 0
5.234770705 1 1 1 1 1 1 1 1 1 0 0 0 1 0
5.256673511 1 1 1 1 1 1 1 1 0 0 0 1 0 1
5.264887064 0 1 0 0 0 0 0 0 0 0 0 0 0 0
5.278576318 1 1 1 1 1 1 0 0 0 0 0 0 0 0
5.284052019 1 1 1 1 0 0 0 0 0 0 0 0 0 0
5.295003422 0 1 1 0 0 0 0 0 0 0 0 0 1 0
5.336071184 0 1 1 1 0 0 0 0 0 0 0 0 0 0
5.368925394 1 1 1 1 1 0 0 0 0 0 0 0 0 0
5.393566051 1 1 1 1 0 0 0 0 0 0 0 1 0 0
5.420944559 1 1 0 0 0 0 0 0 0 0 0 0 1 0
5.453798768 1 1 1 1 1 1 0 0 0 0 0 0 0 0
5.46201232 1 1 1 1 1 1 1 1 0 0 0 0 0 1
5.470225873 1 1 1 1 0 0 0 0 0 0 0 0 0 0
5.483915127 1 1 1 1 1 1 1 1 0 0 0 0 0 1
5.511293634 1 1 1 1 0 0 0 0 0 0 0 1 0 0
5.516769336 1 1 1 1 1 1 1 0 0 0 0 0 0 1
5.535934292 1 1 1 1 1 1 1 0 0 0 0 0 1 1
5.568788501 1 1 1 1 1 1 0 0 0 0 0 1 0 0
5.587953457 0 1 1 1 1 0 0 0 0 0 0 1 0 0
5.60164271 1 1 0 0 0 0 0 0 0 0 0 0 0 0
5.609856263 1 1 1 1 1 1 1 0 0 0 0 1 0 0
5.612594114 1 1 0 0 0 0 0 0 0 0 0 0 1 0
5.618069815 1 1 1 1 0 0 0 0 0 0 0 1 0 0
5.626283368 1 1 1 1 1 1 0 0 0 0 0 0 0 0
5.659137577 1 1 1 1 1 0 0 0 0 0 0 0 1 0
5.678302533 0 1 1 1 1 1 1 1 1 0 0 0 0 1
5.681040383 1 1 1 1 1 1 0 0 0 0 0 0 0 0
5.683778234 1 1 1 0 0 0 0 0 0 0 0 0 0 1
5.686516085 1 1 1 1 1 1 1 1 1 0 0 0 1 0
5.689253936 1 1 1 1 1 1 1 0 0 0 0 0 0 0
5.691991786 0 1 1 1 1 0 0 0 0 0 0 0 0 0
5.70568104 1 1 1 1 1 1 0 0 0 0 0 0 1 0
5.719370294 1 1 0 0 0 0 0 0 0 0 0 0 0 0
5.722108145 1 1 1 1 1 1 0 0 0 0 0 0 0 1
5.733059548 0 1 1 1 0 0 0 0 0 0 0 0 0 0
5.746748802 0 1 1 1 1 1 1 0 0 0 0 0 0 0
5.779603012 0 1 1 1 1 0 0 0 0 0 0 0 0 0
5.790554415 1 1 1 1 1 1 1 1 0 0 0 0 0 1
5.801505818 0 1 1 1 1 1 1 1 0 0 0 0 1 1
5.804243669 0 1 1 1 0 0 0 0 0 0 0 0 0 0
5.815195072 0 1 1 1 1 1 1 0 0 0 0 0 0 0
5.820670773 1 1 1 0 0 0 0 0 0 0 0 0 1 0
5.831622177 1 1 1 1 1 1 0 0 0 0 0 0 0 1
5.834360027 0 1 1 0 0 0 0 0 0 0 0 1 0 0
5.839835729 0 1 1 1 1 1 1 0 0 0 0 0 0 0
5.845311431 0 1 1 1 1 1 0 0 0 0 0 0 1 0
5.850787132 0 1 1 1 1 0 0 0 0 0 0 0 0 0
5.856262834 0 1 1 1 0 0 0 0 0 0 0 0 0 0
5.856262834 0 1 1 1 1 1 1 1 0 0 0 0 1 0
5.859000684 0 1 1 1 1 0 0 0 0 0 0 0 0 0
5.869952088 0 1 1 0 0 0 0 0 0 0 0 0 0 0
5.875427789 0 1 1 1 1 0 0 0 0 0 0 0 0 0
5.87816564 1 1 1 1 1 1 0 0 0 0 0 0 0 0
5.908281999 1 1 1 1 1 1 1 0 0 0 0 0 0 1
5.908281999 1 1 1 1 1 1 1 1 1 0 0 1 0 1
5.924709103 0 1 1 1 1 1 0 0 0 0 0 0 0 1
5.924709103 1 0 0 0 0 0 0 0 0 0 0 0 0 0
5.930184805 0 1 1 1 1 0 0 0 0 0 0 0 1 0
5.935660507 0 1 1 1 1 1 0 0 0 0 0 1 0 0
5.935660507 0 1 1 1 1 1 1 0 0 0 0 0 0 1
5.941136208 1 1 1 1 1 1 0 0 0 0 0 0 0 0
5.943874059 0 1 1 1 1 1 0 0 0 0 0 0 0 0
5.94661191 0 1 1 1 1 0 0 0 0 0 0 0 0 0
5.94661191 0 1 1 1 1 1 1 1 1 0 0 1 0 1
5.94934976 0 1 1 1 1 1 1 1 0 0 0 0 1 0
5.954825462 0 1 1 1 1 1 1 0 0 0 0 0 1 1
5.957563313 0 1 1 0 0 0 0 0 0 0 0 0 0 0
5.957563313 0 1 1 1 1 1 1 1 1 0 0 0 0 1
5.960301164 0 1 1 1 1 1 0 0 0 0 0 0 1 1
5.963039014 0 1 1 1 1 1 1 0 0 0 0 0 0 0
5.963039014 0 1 1 1 1 1 1 1 0 0 0 0 0 1
5.965776865 0 1 0 0 0 0 0 0 0 0 0 0 0 0
5.965776865 0 1 1 1 1 1 0 0 0 0 0 0 0 0
5.965776865 0 1 1 1 1 1 1 1 1 1 0 0 0 1
5.965776865 1 1 1 1 1 1 1 0 0 0 0 0 0 1
5.968514716 0 1 1 1 1 0 0 0 0 0 0 0 0 0
5.971252567 0 1 1 1 1 1 1 1 1 0 0 0 0 1
5.973990418 0 1 1 1 1 1 1 0 0 0 0 0 0 1
5.973990418 0 1 1 1 1 1 1 0 0 0 0 1 0 1
5.976728268 0 1 1 1 1 1 1 1 0 0 0 0 0 0
5.976728268 0 1 1 1 1 1 1 1 0 0 0 0 0 1
5.98220397 0 1 1 1 1 1 0 0 0 0 0 0 0 0
5.98220397 1 1 1 1 1 1 1 1 1 0 0 1 0 1
5.987679671 0 1 1 1 0 0 0 0 0 0 0 0 0 0
5.990417522 0 1 1 1 1 1 1 1 0 0 0 0 0 1
5.993155373 0 1 0 0 0 0 0 0 0 0 0 1 0 0
5.993155373 1 1 1 1 1 1 0 0 0 0 0 0 1 0
5.995893224 0 1 1 1 1 1 0 0 0 0 0 0 0 0
5.995893224 0 1 1 1 1 1 1 0 0 0 0 0 0 0
5.995893224 0 1 1 1 1 1 1 0 0 0 0 0 0 0
5.998631075 0 1 1 1 1 1 1 1 1 0 0 0 0 1
5.998631075 0 1 1 1 1 1 1 1 1 1 0 0 0 1
5.998631075 1 1 1 1 0 0 0 0 0 0 0 0 1 0
6.001368925 0 1 1 1 0 0 0 0 0 0 0 0 0 0
6.001368925 0 1 1 1 1 0 0 0 0 0 0 0 0 0
6.001368925 0 1 1 1 1 0 0 0 0 0 0 0 1 0
6.001368925 0 1 1 1 1 1 1 1 0 0 0 0 0 1
6.001368925 0 1 1 1 1 1 1 1 1 0 0 0 0 1
6.004106776 0 1 1 1 1 1 0 0 0 0 0 0 0 0
6.004106776 0 1 1 1 1 1 1 1 0 0 0 0 0 1
6.006844627 0 1 1 1 1 0 0 0 0 0 0 0 0 0
6.006844627 1 1 1 1 1 1 0 0 0 0 0 0 0 0
6.012320329 0 1 1 1 1 1 1 0 0 0 0 0 1 1
6.012320329 0 1 1 1 1 1 1 1 1 0 0 1 0 1
6.012320329 1 1 1 1 1 1 0 0 0 0 0 1 0 0
6.01779603 0 1 1 1 1 1 1 1 0 0 0 0 0 1
6.020533881 0 1 0 0 0 0 0 0 0 0 0 0 0 0
6.023271732 0 1 1 1 0 0 0 0 0 0 0 0 0 0
6.023271732 0 1 1 1 1 0 0 0 0 0 0 0 1 0
6.023271732 0 1 1 1 1 1 1 0 0 0 0 0 0 1
6.023271732 0 1 1 1 1 1 1 1 0 0 0 0 0 0
6.026009582 0 1 1 1 0 0 0 0 0 0 0 0 0 0
6.026009582 0 1 1 1 1 1 1 1 0 0 0 0 0 0
6.031485284 0 1 1 0 0 0 0 0 0 0 0 0 1 0
6.031485284 0 1 1 1 1 1 0 0 0 0 0 0 0 0
6.036960986 0 1 1 1 1 0 0 0 0 0 0 0 0 0
6.036960986 0 1 1 1 1 0 0 0 0 0 0 0 1 0
6.036960986 0 1 1 1 1 1 1 0 0 0 0 0 0 0
6.042436687 0 1 1 1 1 1 1 1 0 0 0 0 1 1
6.045174538 0 1 1 1 1 1 1 0 0 0 0 0 0 1
6.047912389 0 1 1 1 0 0 0 0 0 0 0 0 0 0
6.05338809 0 1 1 1 1 1 1 1 0 0 0 0 0 1
6.05338809 1 1 1 1 1 1 0 0 0 0 0 1 0 0
6.075290897 0 1 0 0 0 0 0 0 0 0 0 0 0 0
6.075290897 0 1 1 1 1 1 1 1 1 1 0 0 0 1
6.080766598 1 1 1 1 1 1 1 1 0 0 0 0 0 1
6.083504449 0 1 1 1 1 1 1 1 0 0 0 0 0 1
6.094455852 0 1 1 1 1 1 1 0 0 0 0 0 0 1
6.138261465 0 1 1 1 1 0 0 0 0 0 0 0 1 0
6.146475017 0 1 1 1 1 1 1 0 0 0 0 0 0 0
6.160164271 1 1 1 0 0 0 0 0 0 0 0 1 0 0
6.176591376 0 1 1 0 0 0 0 0 0 0 0 0 0 0
6.184804928 1 1 1 1 1 1 1 1 0 0 0 0 0 1
6.201232033 0 1 1 1 0 0 0 0 0 0 0 0 0 0
6.250513347 1 1 1 1 1 1 1 0 0 0 0 1 0 0
6.250513347 1 1 1 1 1 1 1 1 0 0 0 0 1 1
6.275154004 0 1 1 1 1 0 0 0 0 0 0 1 0 0
6.29431896 1 1 1 1 1 1 1 1 0 0 0 1 0 1
6.29705681 0 1 1 1 0 0 0 0 0 0 0 0 0 0
6.327173169 1 1 1 1 1 1 1 1 0 0 0 0 0 1
6.395619439 0 1 1 1 1 0 0 0 0 0 0 1 0 0
6.40109514 1 1 1 1 1 1 1 0 0 0 0 0 0 1
6.414784394 1 1 1 1 1 1 1 1 1 0 0 1 0 1
6.425735797 1 1 0 0 0 0 0 0 0 0 0 0 1 0
6.425735797 1 1 1 1 1 1 1 0 0 0 0 0 1 0
6.428473648 1 1 1 1 1 0 0 0 0 0 0 0 0 0
6.436687201 1 1 1 1 1 0 0 0 0 0 0 0 1 0
6.439425051 1 1 1 1 1 1 1 0 0 0 0 0 0 1
6.450376454 1 1 1 1 1 1 1 1 0 0 0 1 0 1
6.466803559 1 1 1 1 1 1 1 1 1 0 0 0 0 1
6.475017112 0 1 0 0 0 0 0 0 0 0 0 0 0 0
6.485968515 0 1 0 0 0 0 0 0 0 0 0 0 0 0
6.507871321 0 1 1 1 1 1 1 0 0 0 0 0 1 0
6.521560575 0 1 0 0 0 0 0 0 0 0 0 0 0 0
6.527036277 1 1 1 1 1 0 0 0 0 0 0 0 0 0
6.570841889 0 1 1 1 0 0 0 0 0 0 0 0 0 0
6.614647502 1 1 1 1 1 1 0 0 0 0 0 1 0 0
6.625598905 0 1 1 1 1 1 1 1 0 0 0 0 0 1
6.647501711 0 1 1 1 1 1 0 0 0 0 0 0 1 0
6.672142368 1 1 1 1 1 0 0 0 0 0 0 1 0 0
6.696783025 1 1 1 1 0 0 0 0 0 0 0 0 0 0
6.721423682 1 1 1 0 0 0 0 0 0 0 0 0 0 0
6.724161533 0 1 1 1 1 1 1 1 0 0 0 0 0 0
6.773442847 0 1 1 0 0 0 0 0 0 0 0 0 0 0
6.776180698 1 1 1 1 1 1 1 1 1 0 0 0 0 1
6.778918549 1 1 1 1 0 0 0 0 0 0 0 1 0 0
6.784394251 1 1 1 1 1 0 0 0 0 0 0 0 1 0
6.800821355 1 1 1 1 1 1 0 0 0 0 0 0 0 1
6.822724162 1 1 1 1 1 1 1 0 0 0 0 0 0 1
6.839151266 0 1 1 1 0 0 0 0 0 0 0 0 0 0
6.850102669 0 1 1 1 1 0 0 0 0 0 0 0 1 0
6.869267625 0 1 1 1 1 1 0 0 0 0 0 0 0 0
6.869267625 0 1 1 1 1 1 1 1 0 0 0 0 0 1
6.872005476 1 1 1 1 0 0 0 0 0 0 0 1 0 0
6.88843258 0 1 1 1 1 1 0 0 0 0 0 0 0 0
6.913073238 0 1 1 1 1 1 1 0 0 0 0 0 1 0
6.918548939 0 1 1 1 1 0 0 0 0 0 0 0 0 0
6.918548939 1 1 1 1 1 1 1 1 1 1 0 0 0 1
6.926762491 0 1 1 1 1 1 0 0 0 0 0 0 0 0
6.929500342 0 1 1 1 1 1 0 0 0 0 0 0 0 0
6.932238193 0 1 0 0 0 0 0 0 0 0 0 0 1 0
6.932238193 0 1 1 1 1 1 0 0 0 0 0 0 0 0
6.937713895 0 1 1 1 1 1 0 0 0 0 0 0 0 0
6.940451745 0 1 1 1 1 0 0 0 0 0 0 0 0 0
6.940451745 0 1 1 1 1 1 0 0 0 0 0 0 1 0
6.943189596 1 1 1 1 1 0 0 0 0 0 0 0 1 0
6.945927447 1 1 1 0 0 0 0 0 0 0 0 0 1 0
6.948665298 0 1 1 1 1 1 0 0 0 0 0 1 0 1
6.965092402 0 1 1 1 0 0 0 0 0 0 0 0 1 1
6.967830253 0 1 1 1 0 0 0 0 0 0 0 0 1 0
6.970568104 0 1 1 1 1 1 0 0 0 0 0 0 0 0
6.970568104 0 1 1 1 1 1 0 0 0 0 0 0 0 0
6.970568104 0 1 1 1 1 1 1 0 0 0 0 0 1 0
6.970568104 0 1 1 1 1 1 1 1 0 0 0 1 0 1
6.973305955 0 1 1 1 1 1 1 1 0 0 0 1 0 1
6.981519507 0 1 1 1 1 1 0 0 0 0 0 0 0 0
6.984257358 0 1 0 0 0 0 0 0 0 0 0 0 1 0
6.984257358 0 1 1 0 0 0 0 0 0 0 0 0 0 0
6.984257358 0 1 1 1 1 1 1 1 1 1 0 0 0 1
6.986995209 0 1 1 1 1 1 0 0 0 0 0 1 0 0
6.986995209 0 1 1 1 1 1 0 0 0 0 0 1 0 0
6.986995209 0 1 1 1 1 1 1 1 1 0 0 0 0 1
6.986995209 1 1 1 1 1 0 0 0 0 0 0 0 1 0
6.98973306 0 1 1 1 1 1 0 0 0 0 0 0 0 0
6.98973306 0 1 1 1 1 1 1 0 0 0 0 0 0 0
6.99247091 0 1 1 1 1 1 0 0 0 0 0 0 1 1
6.99247091 0 1 1 1 1 1 1 0 0 0 0 0 0 0
6.99247091 0 1 1 1 1 1 1 0 0 0 0 1 0 1
6.995208761 0 1 1 1 1 1 1 1 0 0 0 0 0 1
6.995208761 0 1 1 1 1 1 1 1 1 0 0 0 1 1
7.000684463 0 1 1 1 1 1 0 0 0 0 0 0 1 0
7.003422313 0 1 1 0 0 0 0 0 0 0 0 0 0 0
7.003422313 0 1 1 1 1 1 0 0 0 0 0 0 0 0
7.003422313 0 1 1 1 1 1 1 1 0 0 0 1 0 1
7.003422313 1 1 1 1 1 1 0 0 0 0 0 0 1 1
7.008898015 1 1 1 1 1 1 1 0 0 0 0 0 1 0
7.011635866 0 1 1 0 0 0 0 0 0 0 0 0 1 1
7.014373717 0 1 1 1 0 0 0 0 0 0 0 0 1 0
7.019849418 0 1 1 1 1 1 1 1 1 0 0 0 1 1
7.022587269 0 1 1 1 1 0 0 0 0 0 0 1 0 0
7.028062971 0 1 1 0 0 0 0 0 0 0 0 0 0 0
7.039014374 0 1 1 1 0 0 0 0 0 0 0 0 1 0
7.041752225 0 1 1 1 1 1 0 0 0 0 0 0 0 1
7.044490075 1 1 1 0 0 0 0 0 0 0 0 1 0 0
7.049965777 0 1 1 1 1 1 1 0 0 0 0 0 0 1
7.052703628 0 1 1 1 1 1 1 1 0 0 0 0 0 1
7.058179329 0 1 1 1 0 0 0 0 0 0 0 0 0 0
7.058179329 0 1 1 1 1 1 0 0 0 0 0 0 0 1
7.06091718 0 1 1 1 1 1 1 0 0 0 0 0 1 0
7.06091718 1 1 1 0 0 0 0 0 0 0 0 0 1 0
7.06091718 1 1 1 1 0 0 0 0 0 0 0 1 0 0
7.063655031 0 1 1 1 1 1 0 0 0 0 0 0 1 0
7.071868583 0 1 1 1 1 0 0 0 0 0 0 0 0 0
7.071868583 1 1 1 1 1 1 1 1 0 0 0 1 0 1
7.074606434 0 1 0 0 0 0 0 0 0 0 0 0 0 0
7.077344285 0 1 0 0 0 0 0 0 0 0 0 0 0 0
7.085557837 0 1 1 1 1 1 1 0 0 0 0 0 0 0
7.091033539 0 1 1 1 1 1 1 0 0 0 0 0 0 1
7.104722793 0 1 1 1 1 1 0 0 0 0 0 0 0 1
7.107460643 0 1 1 1 1 0 0 0 0 0 0 1 1 0
7.107460643 1 1 1 1 1 1 1 0 0 0 0 0 0 1
7.110198494 0 1 1 0 0 0 0 0 0 0 0 1 0 0
7.118412047 0 1 1 1 1 1 0 0 0 0 0 0 1 0
7.143052704 0 1 1 1 1 1 1 0 0 0 0 0 0 0
7.175906913 1 1 1 1 1 0 0 0 0 0 0 1 0 0
7.186858316 0 1 1 1 1 1 1 1 1 0 0 0 0 1
7.189596167 1 1 0 0 0 0 0 0 0 0 0 0 0 0
7.197809719 0 1 1 0 0 0 0 0 0 0 0 0 0 0
7.208761123 0 1 1 1 1 1 1 0 0 0 0 0 0 0
7.222450376 1 1 1 1 1 1 0 0 0 0 0 0 1 0
7.23340178 1 1 1 1 1 1 0 0 0 0 0 1 0 0
7.23613963 1 1 1 1 1 1 1 1 0 0 0 0 0 1
7.279945243 1 1 0 0 0 0 0 0 0 0 0 0 0 0
7.282683094 0 1 1 1 0 0 0 0 0 0 0 0 0 0
7.282683094 1 1 1 1 1 1 0 0 0 0 0 0 0 0
7.342915811 1 1 1 1 1 0 0 0 0 0 0 0 0 0
7.381245722 1 1 1 0 0 0 0 0 0 0 0 1 0 0
7.433264887 0 0 0 0 0 0 0 0 0 0 0 0 0 0
7.498973306 1 1 1 0 0 0 0 0 0 0 0 1 0 0
7.515400411 1 1 1 1 1 1 1 1 0 0 0 1 0 1
7.523613963 0 1 1 1 1 0 0 0 0 0 0 0 1 0
7.534565366 1 0 0 0 0 0 0 0 0 0 0 1 0 0
7.561943874 0 1 1 1 0 0 0 0 0 0 0 1 0 0
7.586584531 1 1 1 1 1 1 1 1 0 0 0 0 0 1
7.589322382 0 1 1 1 0 0 0 0 0 0 0 0 0 0
7.594798084 0 1 1 1 1 1 1 1 0 0 0 1 0 1
7.608487337 0 1 1 1 1 1 1 0 0 0 0 1 0 1
7.608487337 1 1 1 1 1 1 1 1 1 0 0 1 0 1
7.627652293 0 1 1 1 1 1 0 0 0 0 0 0 1 0
7.638603696 1 1 1 1 1 1 1 1 1 0 0 0 0 0
7.65229295 0 1 1 1 1 1 0 0 0 0 0 0 0 0
7.698836413 0 1 1 1 1 0 0 0 0 0 0 0 1 0
7.739904175 1 1 1 1 1 1 1 0 0 0 0 0 1 1
7.764544832 1 1 1 1 1 1 1 1 0 0 0 0 1 1
7.764544832 1 1 1 1 1 1 1 1 1 0 0 0 0 1
7.819301848 1 1 1 1 1 1 1 0 0 0 0 0 0 0
7.82477755 1 1 1 1 1 1 0 0 0 0 0 0 0 0
7.82477755 1 1 1 1 1 1 1 0 0 0 0 0 0 0
7.830253251 1 1 1 1 1 1 1 0 0 0 0 0 0 0
7.835728953 1 1 1 1 1 1 1 0 0 0 0 0 0 0
7.841204654 0 1 1 1 1 1 1 0 0 0 0 1 0 0
7.841204654 1 1 1 1 1 1 0 0 0 0 0 0 0 0
7.857631759 0 1 1 1 1 1 1 0 0 0 0 0 0 0
7.857631759 0 1 1 1 1 1 1 0 0 0 0 1 0 1
7.868583162 0 1 1 0 0 0 0 0 0 0 0 0 0 0
7.882272416 0 1 0 0 0 0 0 0 0 0 0 1 0 0
7.885010267 0 1 1 1 1 1 1 1 1 0 0 1 0 1
7.887748118 1 1 1 1 1 1 1 1 1 0 0 0 1 0
7.923340178 0 1 1 1 1 1 1 1 1 0 0 0 0 0
7.926078029 0 1 0 0 0 0 0 0 0 0 0 0 0 0
7.926078029 0 1 1 1 1 1 1 1 1 0 0 0 0 1
7.92881588 0 1 1 1 1 1 0 0 0 0 0 1 0 0
7.93155373 0 1 1 0 0 0 0 0 0 0 0 0 1 0
7.934291581 0 1 1 1 1 1 1 0 0 0 0 0 0 0
7.934291581 0 1 1 1 1 1 1 0 0 0 0 0 0 1
7.934291581 1 1 1 1 1 1 1 1 1 0 0 0 0 0
7.937029432 0 1 1 1 1 1 1 1 1 0 0 1 0 0
7.937029432 1 1 1 1 1 1 1 1 0 0 0 0 1 0
7.953456537 0 1 1 0 0 0 0 0 0 0 0 1 0 0
7.958932238 1 1 0 0 0 0 0 0 0 0 0 0 0 0
7.96440794 0 1 1 1 1 1 0 0 0 0 0 0 0 0
7.96440794 0 1 1 1 1 1 1 0 0 0 0 0 0 0
7.967145791 1 1 1 1 1 1 1 1 1 0 0 0 1 1
7.969883641 0 0 0 0 0 0 0 0 0 0 0 1 0 0
7.969883641 0 1 1 1 0 0 0 0 0 0 0 1 0 1
7.972621492 0 1 1 1 1 1 1 0 0 0 0 0 0 0
7.972621492 0 1 1 1 1 1 1 1 1 0 0 0 1 1
7.980835044 1 1 1 1 1 1 1 0 0 0 0 0 0 1
7.983572895 0 1 1 1 1 1 1 0 0 0 0 0 0 0
7.983572895 0 1 1 1 1 1 1 1 0 0 0 0 0 1
7.986310746 0 1 1 1 1 1 1 0 0 0 0 0 1 0
7.989048597 0 1 1 1 1 1 1 1 0 0 0 0 0 0
7.991786448 0 1 1 0 0 0 0 0 0 0 0 1 0 0
7.991786448 0 1 1 1 1 1 1 1 0 0 0 1 0 1
7.991786448 0 1 1 1 1 1 1 1 1 0 0 0 0 1
7.994524298 0 1 1 1 1 1 1 1 0 0 0 0 0 0
7.994524298 0 1 1 1 1 1 1 1 0 0 0 0 0 1
8.0 0 1 1 1 1 1 1 1 0 0 0 0 0 0
8.002737851 0 1 1 1 1 1 0 0 0 0 0 0 1 0
8.005475702 1 1 1 1 0 0 0 0 0 0 0 0 0 0
8.008213552 0 1 1 0 0 0 0 0 0 0 0 0 0 1
8.013689254 0 1 1 1 1 0 0 0 0 0 0 0 0 0
8.013689254 0 1 1 1 1 1 1 0 0 0 0 0 0 1
8.016427105 0 1 1 1 1 1 0 0 0 0 0 0 0 1
8.019164956 0 1 1 1 1 1 1 1 0 0 0 0 0 1
8.019164956 0 1 1 1 1 1 1 1 1 0 0 0 0 0
8.024640657 1 1 0 0 0 0 0 0 0 0 0 0 0 0
8.032854209 0 1 1 1 1 1 0 0 0 0 0 0 0 0
8.032854209 0 1 1 1 1 1 0 0 0 0 0 1 0 0
8.052019165 0 1 1 1 1 0 0 0 0 0 0 0 1 1
8.054757016 0 1 1 1 1 1 1 0 0 0 0 1 0 1
8.060232717 1 1 1 1 1 1 1 1 0 0 0 0 0 1
8.065708419 0 1 1 1 1 1 0 0 0 0 0 1 0 0
8.065708419 0 1 1 1 1 1 1 1 1 0 0 0 0 1
8.065708419 1 1 1 1 1 0 0 0 0 0 0 0 1 1
8.06844627 0 1 1 1 1 1 1 1 0 0 0 0 0 1
8.07118412 0 1 1 0 0 0 0 0 0 0 0 1 0 0
8.07118412 0 1 1 1 1 1 0 0 0 0 0 0 0 0
8.07118412 1 1 1 1 1 1 1 1 0 0 0 0 0 0
8.084873374 0 1 1 1 1 0 0 0 0 0 0 0 0 0
8.087611225 1 1 1 1 1 0 0 0 0 0 0 1 0 0
8.098562628 0 1 1 1 1 1 0 0 0 0 0 0 0 0
8.106776181 0 1 0 0 0 0 0 0 0 0 0 0 0 0
8.106776181 0 1 1 0 0 0 0 0 0 0 0 0 0 0
8.106776181 0 1 1 1 1 0 0 0 0 0 0 0 1 1
8.106776181 0 1 1 1 1 1 1 1 0 0 0 1 0 1
8.112251882 0 0 0 0 0 0 0 0 0 0 0 0 0 0
8.131416838 0 1 1 0 0 0 0 0 0 0 0 0 0 0
8.161533196 1 1 1 1 1 1 1 1 1 0 0 0 0 1
8.177960301 0 1 1 0 0 0 0 0 0 0 0 0 0 0
8.224503765 1 1 1 1 1 1 1 1 1 0 0 0 0 1
8.227241615 0 1 1 1 1 1 0 0 0 0 0 0 0 0
8.235455168 1 1 1 1 0 0 0 0 0 0 0 0 1 0
8.24366872 1 1 1 1 0 0 0 0 0 0 0 0 0 0
8.260095825 1 1 1 1 1 1 1 1 1 1 0 1 1 1
8.353182752 0 1 1 1 1 1 1 1 0 0 0 0 0 1
8.375085558 0 1 1 1 1 1 1 1 1 0 0 0 1 1
8.405201916 0 1 1 0 0 0 0 0 0 0 0 1 0 0
8.410677618 1 1 1 1 0 0 0 0 0 0 0 1 0 0
8.446269678 0 1 1 1 1 1 1 1 1 0 0 1 0 1
8.449007529 1 1 1 1 1 1 1 1 1 0 0 0 1 1
8.457221081 1 1 1 0 0 0 0 0 0 0 0 0 0 0
8.528405202 0 1 1 1 1 1 1 1 0 0 0 1 0 0
8.539356605 1 1 1 0 0 0 0 0 0 0 0 1 0 0
8.550308008 1 1 1 1 1 0 0 0 0 0 0 0 1 0
8.55578371 1 1 1 1 1 1 1 0 0 0 0 1 0 1
8.621492129 1 1 1 0 0 0 0 0 0 0 0 0 0 0
8.646132786 0 0 0 0 0 0 0 0 0 0 0 0 0 0
8.657084189 0 1 1 1 1 1 1 0 0 0 0 0 0 0
8.703627652 1 0 0 0 0 0 0 0 0 0 0 0 0 0
8.706365503 1 1 1 1 1 1 1 1 0 0 0 1 0 0
8.717316906 1 0 0 0 0 0 0 0 0 0 0 0 0 0
8.736481862 1 1 1 1 1 1 1 0 0 0 0 0 0 0
8.752908966 0 1 1 1 1 1 1 1 1 0 0 1 0 1
8.755646817 0 1 1 1 1 1 1 0 0 0 0 1 0 1
8.758384668 0 1 1 1 1 1 1 1 1 1 0 1 0 1
8.76386037 1 1 1 1 1 1 0 0 0 0 0 0 0 0
8.774811773 0 1 1 1 0 0 0 0 0 0 0 0 0 0
8.777549624 1 1 1 1 1 1 0 0 0 0 0 0 0 0
8.785763176 0 1 0 0 0 0 0 0 0 0 0 1 0 0
8.813141684 0 0 0 0 0 0 0 0 0 0 0 1 0 0
8.815879535 0 1 1 1 0 0 0 0 0 0 0 0 0 0
8.815879535 0 1 1 1 1 1 1 1 0 0 0 1 0 1
8.815879535 1 1 1 1 1 1 1 0 0 0 0 0 1 1
8.83504449 1 1 0 0 0 0 0 0 0 0 0 1 0 0
8.889801506 1 1 1 1 1 1 1 0 0 0 0 0 0 0
8.898015058 0 1 1 0 0 0 0 0 0 0 0 0 0 0
8.900752909 0 1 1 1 1 0 0 0 0 0 0 0 0 0
8.914442163 0 0 0 0 0 0 0 0 0 0 0 0 0 0
8.925393566 0 1 1 0 0 0 0 0 0 0 0 0 1 0
8.936344969 0 1 1 1 1 0 0 0 0 0 0 0 1 0
8.936344969 0 1 1 1 1 1 1 0 0 0 0 0 0 0
8.93908282 0 1 1 1 1 1 1 1 0 0 0 0 0 0
8.958247775 0 1 1 0 0 0 0 0 0 0 0 0 0 0
8.966461328 0 1 1 1 1 1 1 1 0 0 0 0 0 1
8.969199179 0 1 1 1 1 1 0 0 0 0 0 0 0 1
8.969199179 0 1 1 1 1 1 1 0 0 0 0 1 0 0
8.971937029 0 1 1 1 1 1 1 0 0 0 0 0 0 1
8.971937029 0 1 1 1 1 1 1 1 0 0 0 0 1 0
8.980150582 0 1 1 1 1 0 0 0 0 0 0 0 1 0
8.985626283 0 1 1 1 1 1 1 0 0 0 0 0 0 0
8.988364134 0 1 1 1 1 1 0 0 0 0 0 0 0 0
8.991101985 0 1 1 1 1 0 0 0 0 0 0 0 1 0
8.993839836 0 1 1 1 0 0 0 0 0 0 0 0 0 0
8.996577687 0 1 1 1 1 1 1 0 0 0 0 1 0 1
8.999315537 0 1 1 1 1 0 0 0 0 0 0 0 0 0
9.002053388 0 1 1 1 1 1 0 0 0 0 0 0 0 0
9.004791239 0 1 1 1 1 1 1 0 0 0 0 0 1 0
9.00752909 0 1 1 1 1 1 0 0 0 0 0 0 0 0
9.01026694 0 1 1 1 1 1 1 0 0 0 0 1 0 1
9.01026694 0 1 1 1 1 1 1 1 0 0 0 1 0 1
9.013004791 0 1 1 1 1 1 0 0 0 0 0 0 0 0
9.013004791 0 1 1 1 1 1 1 0 0 0 0 0 0 1
9.015742642 0 1 1 1 1 0 0 0 0 0 0 1 0 0
9.015742642 0 1 1 1 1 1 1 1 0 0 0 0 0 0
9.018480493 0 1 1 1 1 1 1 1 0 0 0 0 0 1
9.018480493 0 1 1 1 1 1 1 1 0 0 0 0 0 1
9.018480493 0 1 1 1 1 1 1 1 0 0 0 1 0 1
9.023956194 0 1 1 1 1 1 0 0 0 0 0 0 1 0
9.029431896 0 1 1 1 0 0 0 0 0 0 0 0 0 0
9.029431896 0 1 1 1 1 1 1 1 0 0 0 0 0 1
9.04312115 0 1 1 1 1 1 1 0 0 0 0 1 0 0
9.045859001 0 1 1 0 0 0 0 0 0 0 0 0 0 0
9.045859001 0 1 1 1 1 1 0 0 0 0 0 0 0 0
9.051334702 0 1 1 1 1 1 0 0 0 0 0 0 1 1
9.056810404 0 1 1 1 1 1 1 0 0 0 0 0 0 1
9.062286105 0 1 1 1 1 1 1 1 1 0 0 1 0 0
9.089664613 0 1 1 1 0 0 0 0 0 0 0 0 0 0
9.095140315 0 1 1 1 1 1 0 0 0 0 0 0 0 0
9.100616016 1 1 0 0 0 0 0 0 0 0 0 1 0 0
9.103353867 0 1 1 1 0 0 0 0 0 0 0 0 0 0
9.11156742 0 1 1 1 1 1 1 1 1 1 0 1 0 1
9.127994524 1 1 1 0 0 0 0 0 0 0 0 1 0 0
9.138945927 0 0 0 0 0 0 0 0 0 0 0 1 0 0
9.149897331 1 1 1 0 0 0 0 0 0 0 0 0 0 0
9.158110883 0 1 1 1 1 1 1 0 0 0 0 0 0 1
9.160848734 0 1 1 1 1 1 0 0 0 0 0 0 0 0
9.169062286 0 1 1 1 0 0 0 0 0 0 0 1 0 0
9.226557153 0 1 1 1 1 1 0 0 0 0 0 0 1 0
9.242984257 1 1 1 1 1 1 1 1 0 0 0 0 0 0
9.248459959 1 1 1 0 0 0 0 0 0 0 0 0 0 0
9.262149213 1 1 1 1 1 1 1 0 0 0 0 0 0 1
9.284052019 1 1 1 1 1 1 1 1 1 0 0 0 0 1
9.28678987 1 1 1 1 1 1 0 0 0 0 0 0 0 0
9.32238193 0 1 1 1 1 1 1 1 1 0 0 0 0 1
9.336071184 1 1 1 1 1 1 1 0 0 0 0 1 0 1
9.423682409 1 1 1 1 0 0 0 0 0 0 0 0 1 0
9.437371663 1 1 1 1 1 1 1 1 0 0 0 1 0 1
9.445585216 0 1 1 1 0 0 0 0 0 0 0 0 1 0
9.492128679 1 1 1 0 0 0 0 0 0 0 0 1 0 0
9.500342231 1 1 1 1 1 1 0 0 0 0 0 0 1 0
9.500342231 1 1 1 1 1 1 1 1 1 0 0 0 0 1
9.511293634 0 1 1 0 0 0 0 0 0 0 0 0 0 0
9.631759069 1 1 1 1 1 1 1 0 0 0 0 0 0 0
9.656399726 1 1 1 1 1 1 1 0 0 0 0 0 0 0
9.661875428 0 1 1 1 1 1 1 1 0 0 0 0 0 1
9.675564682 1 1 1 1 1 0 0 0 0 0 0 0 1 0
9.681040383 0 1 1 1 1 1 1 1 0 0 0 0 0 0
9.694729637 0 1 1 0 0 0 0 0 0 0 0 0 0 0
9.716632444 1 1 1 1 1 0 0 0 0 0 0 0 1 0
9.754962355 0 1 1 1 1 1 1 1 0 0 0 0 1 0
9.760438056 0 1 0 0 0 0 0 0 0 0 0 0 0 0
9.77412731 0 1 0 0 0 0 0 0 0 0 0 0 0 0
9.779603012 1 1 1 1 1 1 1 0 0 0 0 1 0 0
9.793292266 1 1 1 1 1 1 0 0 0 0 0 0 0 0
9.812457221 0 1 1 1 1 0 0 0 0 0 0 0 0 0
9.848049281 1 1 1 1 1 1 1 1 0 0 0 1 0 1
9.850787132 0 1 1 1 1 1 0 0 0 0 0 0 1 0
9.850787132 1 1 1 1 0 0 0 0 0 0 0 0 0 0
9.864476386 1 1 1 1 1 1 1 1 0 0 0 0 0 0
9.867214237 0 1 1 1 1 1 1 0 0 0 0 0 0 0
9.87816564 0 0 0 0 0 0 0 0 0 0 0 0 0 0
9.87816564 0 1 1 1 1 0 0 0 0 0 0 0 0 0
9.880903491 0 1 1 1 1 0 0 0 0 0 0 0 0 0
9.889117043 0 1 1 1 0 0 0 0 0 0 0 0 0 0
9.897330595 0 1 1 1 1 1 0 0 0 0 0 0 0 0
9.905544148 1 1 1 1 1 1 0 0 0 0 0 0 1 0
9.9137577 0 1 1 0 0 0 0 0 0 0 0 0 1 0
9.924709103 0 1 1 1 0 0 0 0 0 0 0 0 1 0
9.927446954 0 1 1 1 1 0 0 0 0 0 0 0 1 0
9.930184805 0 1 1 0 0 0 0 0 0 0 0 0 1 0
9.941136208 0 1 1 1 1 1 1 1 1 0 0 0 0 1
9.943874059 0 1 1 1 1 0 0 0 0 0 0 0 0 0
9.960301164 0 1 1 1 1 1 0 0 0 0 0 0 1 0
9.973990418 0 1 1 1 1 1 1 1 1 0 0 0 0 1
9.976728268 0 1 1 1 1 1 0 0 0 0 0 1 0 0
9.976728268 0 1 1 1 1 1 1 1 1 1 0 0 0 0
9.984941821 0 1 1 1 0 0 0 0 0 0 0 0 1 0
9.984941821 0 1 1 1 1 1 1 0 0 0 0 0 0 0
9.984941821 0 1 1 1 1 1 1 1 1 0 0 0 0 1
9.990417522 1 1 1 1 1 0 0 0 0 0 0 0 1 0
9.993155373 0 1 1 0 0 0 0 0 0 0 0 0 0 0
9.993155373 0 1 1 1 1 0 0 0 0 0 0 0 0 0
9.993155373 0 1 1 1 1 1 0 0 0 0 0 0 0 1
9.998631075 0 1 0 0 0 0 0 0 0 0 0 0 1 0
9.998631075 0 1 1 1 1 1 0 0 0 0 0 0 1 0
9.998631075 0 1 1 1 1 1 1 0 0 0 0 0 1 1
9.998631075 0 1 1 1 1 1 1 0 0 0 0 1 0 0
10.00136893 0 1 0 0 0 0 0 0 0 0 0 0 0 0
10.00136893 0 1 0 0 0 0 0 0 0 0 0 0 0 0
10.00136893 0 1 1 0 0 0 0 0 0 0 0 0 0 0
10.00136893 0 1 1 1 1 1 1 1 0 0 0 0 0 0
10.00136893 0 1 1 1 1 1 1 1 1 0 0 0 0 1
10.00684463 0 1 1 1 1 1 0 0 0 0 0 0 0 0
10.00958248 0 1 1 1 1 1 1 1 1 1 0 0 0 0
10.01232033 0 1 1 1 1 0 0 0 0 0 0 0 1 0
10.01505818 0 1 1 0 0 0 0 0 0 0 0 0 0 0
10.02053388 0 1 1 1 1 1 0 0 0 0 0 0 0 0
10.02600958 0 1 1 1 1 1 0 0 0 0 0 0 0 0
10.02874743 0 1 1 1 1 1 0 0 0 0 0 0 0 0
10.02874743 0 1 1 1 1 1 1 1 1 0 0 0 0 0
10.03696099 0 1 1 1 1 1 0 0 0 0 0 0 0 0
10.03969884 0 1 1 1 1 0 0 0 0 0 0 0 1 0
10.03969884 0 1 1 1 1 1 0 0 0 0 0 0 1 0
10.03969884 0 1 1 1 1 1 1 0 0 0 0 1 0 0
10.04243669 0 1 0 0 0 0 0 0 0 0 0 0 0 0
10.04243669 0 1 1 1 1 1 0 0 0 0 0 0 0 1
10.05612594 0 1 1 0 0 0 0 0 0 0 0 0 0 0
10.05886379 0 1 1 1 1 1 1 1 1 0 0 0 0 1
10.05886379 1 1 1 1 1 1 1 1 1 0 0 0 0 1
10.06433949 0 1 1 1 1 1 0 0 0 0 0 0 1 0
10.0752909 0 1 1 1 1 1 0 0 0 0 0 0 1 0
10.07802875 0 1 1 1 1 1 0 0 0 0 0 0 0 0
10.0807666 0 1 1 1 1 1 0 0 0 0 0 0 1 0
10.0807666 0 1 1 1 1 1 1 0 0 0 0 0 0 0
10.08898015 0 1 1 1 1 1 1 0 0 0 0 0 0 0
10.08898015 1 1 1 0 0 0 0 0 0 0 0 1 0 0
10.09993155 0 1 0 0 0 0 0 0 0 0 0 0 0 0
10.11362081 1 1 1 1 1 1 1 0 0 0 0 0 0 0
10.11635866 0 1 1 0 0 0 0 0 0 0 0 0 0 0
10.14099932 0 1 1 1 1 1 1 0 0 0 0 0 0 0
10.15468857 0 1 1 1 1 1 1 1 0 0 0 0 0 1
10.19028063 0 1 1 1 0 0 0 0 0 0 0 0 0 0
10.19301848 0 1 1 0 0 0 0 0 0 0 0 0 0 0
10.24503765 0 1 1 0 0 0 0 0 0 0 0 1 0 0
10.28062971 0 1 1 1 1 1 0 0 0 0 0 1 0 0
10.29705681 1 1 1 0 0 0 0 0 0 0 0 0 1 0
10.37097878 0 1 1 0 0 0 0 0 0 0 0 0 0 0
10.39014374 1 1 1 1 1 1 1 1 0 0 0 1 0 0
10.45037645 1 1 1 1 1 1 1 1 0 0 0 0 0 0
10.50787132 0 1 1 1 0 0 0 0 0 0 0 0 1 0
10.56262834 0 1 0 0 0 0 0 0 0 0 0 0 0 0
10.56536619 0 1 1 1 1 1 1 0 0 0 0 0 0 1
10.65297741 0 1 1 1 0 0 0 0 0 0 0 0 0 0
10.66940452 1 1 1 1 1 1 1 0 0 0 0 1 0 0
10.73511294 0 1 1 1 1 1 1 0 0 0 0 0 0 0
10.74606434 0 1 1 1 1 1 0 0 0 0 0 1 0 0
10.76249144 0 1 0 0 0 0 0 0 0 0 0 0 0 0
10.79534565 0 1 1 1 1 1 0 0 0 0 0 0 1 0
10.80355921 1 1 1 1 1 1 1 0 0 0 0 0 0 1
10.85831622 0 1 1 1 1 1 1 0 0 0 0 1 0 1
10.86652977 0 1 1 1 1 1 0 0 0 0 0 0 0 0
10.87200548 0 1 0 0 0 0 0 0 0 0 0 0 1 0
10.87748118 0 1 1 1 0 0 0 0 0 0 0 0 0 0
10.89117043 1 1 1 1 1 1 1 0 0 0 0 0 1 0
10.89664613 0 1 1 0 0 0 0 0 0 0 0 0 0 0
10.90759754 0 1 1 0 0 0 0 0 0 0 0 0 0 0
10.92128679 0 1 1 1 1 1 1 1 1 0 0 0 1 1
10.93223819 0 1 1 1 1 0 0 0 0 0 0 0 0 0
10.93497604 0 1 1 1 0 0 0 0 0 0 0 0 0 0
10.93771389 0 1 1 1 0 0 0 0 0 0 0 0 0 0
10.94045175 0 1 1 0 0 0 0 0 0 0 0 0 0 0
10.94592745 0 1 1 1 1 1 0 0 0 0 0 0 0 0
10.94592745 1 1 1 1 0 0 0 0 0 0 0 0 1 1
10.95687885 0 1 1 1 1 1 1 1 1 0 0 0 0 1
10.9596167 0 1 1 1 1 0 0 0 0 0 0 0 0 0
10.9596167 0 1 1 1 1 1 0 0 0 0 0 0 0 0
10.96783025 0 1 1 1 1 1 0 0 0 0 0 0 0 0
10.9705681 0 1 1 1 1 0 0 0 0 0 0 0 0 0
10.97604381 0 1 1 1 1 1 0 0 0 0 0 0 1 0
10.98151951 0 1 1 1 1 0 0 0 0 0 0 1 0 0
10.98425736 0 1 1 1 1 1 1 1 1 0 0 1 0 1
10.98699521 0 1 1 1 1 0 0 0 0 0 0 0 0 0
10.98699521 0 1 1 1 1 1 0 0 0 0 0 0 0 0
10.98973306 0 1 1 1 1 1 1 1 0 0 0 0 0 0
10.99247091 0 1 1 1 1 0 0 0 0 0 0 0 1 0
10.99794661 0 1 1 1 1 1 1 0 0 0 0 0 0 1
11.00068446 0 1 1 1 1 1 0 0 0 0 0 0 0 0
11.00342231 0 1 1 1 1 1 1 0 0 0 0 0 0 1
11.00616016 0 1 1 0 0 0 0 0 0 0 0 0 1 0
11.00616016 0 1 1 1 1 1 0 0 0 0 0 0 0 0
11.00889802 0 1 1 1 1 1 0 0 0 0 0 0 1 0
11.00889802 0 1 1 1 1 1 1 1 1 0 0 0 1 1
11.01437372 0 1 1 1 1 0 0 0 0 0 0 0 1 0
11.01437372 0 1 1 1 1 1 0 0 0 0 0 0 0 0
11.01437372 0 1 1 1 1 1 0 0 0 0 0 1 0 0
11.02532512 1 1 1 1 1 0 0 0 0 0 0 0 0 0
11.02806297 0 0 0 0 0 0 0 0 0 0 0 0 0 0
11.03627652 0 1 1 1 1 1 0 0 0 0 0 0 0 0
11.03627652 1 1 1 1 1 1 0 0 0 0 0 0 1 0
11.04449008 0 1 0 0 0 0 0 0 0 0 0 0 1 0
11.04722793 0 1 1 1 1 1 0 0 0 0 0 1 0 0
11.06365503 0 1 1 1 1 1 0 0 0 0 0 0 1 0
11.06639288 0 1 1 1 1 0 0 0 0 0 0 0 0 1
11.06913073 0 1 1 0 0 0 0 0 0 0 0 0 0 0
11.07186858 0 1 1 1 1 1 1 1 0 0 0 0 0 1
11.07186858 1 1 1 1 1 0 0 0 0 0 0 0 1 0
11.08008214 0 1 1 1 1 1 0 0 0 0 0 0 0 0
11.08281999 0 1 1 1 1 1 1 1 0 0 0 0 0 1
11.11293634 0 1 1 1 1 1 1 1 0 0 0 0 0 1
11.1430527 0 1 1 1 1 1 1 1 0 0 0 0 1 0
11.15126626 1 1 1 1 1 1 0 0 0 0 0 0 1 0
11.15126626 1 1 1 1 1 1 1 1 0 0 0 1 0 1
11.24161533 0 1 1 1 1 1 0 0 0 0 0 0 0 0
11.28542094 1 1 1 1 1 1 0 0 0 0 0 0 0 0
11.3045859 0 1 0 0 0 0 0 0 0 0 0 0 0 0
11.36755647 0 1 1 1 1 0 0 0 0 0 0 0 0 0
11.37303217 1 1 1 0 0 0 0 0 0 0 0 0 0 0
11.40314853 0 1 1 1 1 1 1 0 0 0 0 1 0 0
11.52908966 1 1 1 1 1 1 1 0 0 0 0 0 1 1
11.54004107 0 1 1 0 0 0 0 0 0 0 0 0 0 0
11.57563313 1 1 1 0 0 0 0 0 0 0 0 0 1 0
11.58384668 1 1 1 1 1 1 0 0 0 0 0 0 0 0
11.58932238 0 0 0 0 0 0 0 0 0 0 0 1 0 0
11.62491444 0 0 0 0 0 0 0 0 0 0 0 0 0 0
11.6659822 0 1 1 1 1 1 1 1 1 0 0 0 0 1
11.67693361 1 1 1 0 0 0 0 0 0 0 0 0 0 0
11.68514716 1 1 0 0 0 0 0 0 0 0 0 0 0 0
11.72621492 0 1 1 0 0 0 0 0 0 0 0 0 1 0
11.78918549 0 1 1 1 0 0 0 0 0 0 0 0 0 0
11.79192334 1 1 1 1 1 1 1 1 1 0 0 0 0 1
11.82477755 0 1 1 1 1 1 0 0 0 0 0 0 0 1
11.85489391 0 1 1 1 1 1 1 1 1 0 0 0 0 1
11.89048597 0 1 1 1 0 0 0 0 0 0 0 0 0 0
11.92334018 0 1 1 1 1 1 0 0 0 0 0 0 0 0
11.92881588 0 1 1 1 1 1 0 0 0 0 0 1 0 0
11.93976728 0 1 1 1 1 0 0 0 0 0 0 0 1 1
11.95619439 0 0 0 0 0 0 0 0 0 0 0 0 0 0
11.96167009 0 1 1 1 1 0 0 0 0 0 0 1 0 0
11.96167009 0 1 1 1 1 1 0 0 0 0 0 0 0 0
11.96440794 0 1 0 0 0 0 0 0 0 0 0 1 0 0
11.96440794 0 1 1 1 0 0 0 0 0 0 0 0 0 0
11.96440794 0 1 1 1 1 0 0 0 0 0 0 0 1 0
11.96714579 0 1 1 1 1 1 0 0 0 0 0 0 0 1
11.96988364 0 1 1 1 1 0 0 0 0 0 0 0 0 0
11.97535934 0 1 1 1 1 1 0 0 0 0 0 0 0 0
11.9835729 0 1 1 1 1 1 0 0 0 0 0 0 0 0
11.98631075 0 1 1 1 1 1 1 0 0 0 0 1 0 0
11.9890486 0 1 0 0 0 0 0 0 0 0 0 1 0 0
11.99178645 0 1 1 1 1 0 0 0 0 0 0 1 0 0
11.99726215 1 1 1 1 1 1 1 1 0 0 0 1 0 0
12.0 0 1 1 0 0 0 0 0 0 0 0 1 0 0
12.0 0 1 1 1 1 1 1 0 0 0 0 0 0 0
12.0054757 0 1 0 0 0 0 0 0 0 0 0 0 0 0
12.0109514 0 1 0 0 0 0 0 0 0 0 0 0 0 0
12.0164271 0 1 1 1 1 0 0 0 0 0 0 0 1 0
12.01916496 0 1 1 1 0 0 0 0 0 0 0 0 0 0
12.03011636 0 1 1 1 1 1 1 1 0 0 0 0 0 1
12.03559206 0 1 1 1 1 1 0 0 0 0 0 0 0 1
12.06297057 0 1 0 0 0 0 0 0 0 0 0 0 0 0
12.06844627 0 1 1 1 1 1 1 0 0 0 0 0 0 1
12.07392197 0 1 1 1 1 1 1 1 0 0 0 0 0 0
12.07665982 0 1 1 1 0 0 0 0 0 0 0 0 0 0
12.07939767 0 0 0 0 0 0 0 0 0 0 0 0 1 0
12.08213552 0 1 1 1 1 1 0 0 0 0 0 0 0 0
12.08213552 0 1 1 1 1 1 1 1 0 0 0 0 0 1
12.08761123 0 1 1 1 1 1 0 0 0 0 0 0 0 0
12.32580424 1 1 1 0 0 0 0 0 0 0 0 0 0 0
12.41067762 1 1 1 1 1 1 1 0 0 0 0 1 0 1
12.41889117 0 1 1 1 1 1 1 1 0 0 0 0 0 1
12.42162902 1 1 1 1 1 1 1 0 0 0 0 0 0 0
12.42984257 1 1 1 1 0 0 0 0 0 0 0 0 0 0
12.52019165 0 1 1 1 1 1 1 0 0 0 0 0 0 0
12.58590007 1 0 0 0 0 0 0 0 0 0 0 1 0 0
12.63518138 1 1 1 1 1 1 0 0 0 0 0 0 0 1
12.65434634 1 1 1 1 1 1 0 0 0 0 0 0 0 0
12.66529774 1 1 1 1 0 0 0 0 0 0 0 0 1 0
12.71731691 0 1 1 1 0 0 0 0 0 0 0 0 0 0
12.72553046 0 1 1 1 0 0 0 0 0 0 0 0 0 0
12.79671458 1 1 1 1 1 1 1 0 0 0 0 0 0 0
12.80492813 0 1 1 1 0 0 0 0 0 0 0 1 0 0
12.83778234 1 1 1 1 1 1 0 0 0 0 0 0 1 0
12.862423 0 1 1 1 1 0 0 0 0 0 0 0 0 0
12.8678987 0 1 1 1 1 1 0 0 0 0 0 1 0 0
12.88158795 0 1 1 0 0 0 0 0 0 0 0 0 1 0
12.8843258 0 1 1 0 0 0 0 0 0 0 0 0 0 0
12.89801506 0 1 0 0 0 0 0 0 0 0 0 1 0 0
12.90622861 0 1 1 1 1 1 0 0 0 0 0 0 1 0
12.90622861 0 1 1 1 1 1 1 1 0 0 0 1 0 1
12.94729637 1 1 1 1 1 0 0 0 0 0 0 1 0 0
12.95003422 0 1 1 1 1 0 0 0 0 0 0 0 0 0
12.95824778 0 1 1 1 1 1 0 0 0 0 0 1 0 0
12.96646133 0 1 1 0 0 0 0 0 0 0 0 0 1 0
12.96919918 0 1 1 1 1 1 0 0 0 0 0 0 0 0
12.97193703 0 1 1 1 0 0 0 0 0 0 0 1 0 0
12.98288843 0 1 1 0 0 0 0 0 0 0 0 1 0 0
12.98288843 1 1 1 1 1 1 1 0 0 0 0 0 0 0
12.99110198 0 1 1 1 1 1 1 0 0 0 0 0 0 0
12.99657769 0 1 1 0 0 0 0 0 0 0 0 0 0 0
12.99657769 0 1 1 1 1 1 0 0 0 0 0 0 0 0
13.00205339 0 1 1 1 1 1 1 0 0 0 0 0 0 0
13.01300479 0 1 0 0 0 0 0 0 0 0 0 0 1 0
13.02121834 0 1 1 1 1 0 0 0 0 0 0 0 0 0
13.02395619 0 1 1 1 1 0 0 0 0 0 0 1 1 0
13.02395619 0 1 1 1 1 1 0 0 0 0 0 0 1 0
13.0294319 0 1 1 1 0 0 0 0 0 0 0 0 0 0
13.0294319 0 1 1 1 1 0 0 0 0 0 0 0 0 0
13.03216975 0 1 1 0 0 0 0 0 0 0 0 1 0 0
13.03216975 0 1 1 1 1 1 0 0 0 0 0 0 1 1
13.03216975 0 1 1 1 1 1 1 1 0 0 0 1 0 1
13.0349076 0 1 1 0 0 0 0 0 0 0 0 1 0 0
13.0349076 0 1 1 1 1 1 1 1 1 0 0 0 0 1
13.0403833 0 1 1 1 1 1 0 0 0 0 0 0 0 0
13.04859685 0 1 1 1 0 0 0 0 0 0 0 0 0 0
13.04859685 0 1 1 1 1 1 0 0 0 0 0 1 0 0
13.05954825 0 1 1 1 1 1 1 1 0 0 0 0 0 1
13.07323751 0 1 1 1 1 1 1 0 0 0 0 0 0 0
13.09240246 0 0 0 0 0 0 0 0 0 0 0 0 1 0
13.09787817 1 1 1 1 1 1 0 0 0 0 0 0 1 0
13.10882957 0 1 1 1 0 0 0 0 0 0 0 0 0 0
13.11156742 0 1 1 0 0 0 0 0 0 0 0 0 0 0
13.2019165 1 1 1 1 1 0 0 0 0 0 0 0 0 0
13.28952772 1 1 0 0 0 0 0 0 0 0 0 0 0 0
13.34154689 1 1 1 1 0 0 0 0 0 0 0 0 0 0
13.38261465 0 1 1 1 0 0 0 0 0 0 0 1 0 0
13.46475017 1 1 1 1 1 0 0 0 0 0 0 1 0 0
13.48117728 1 1 1 1 1 1 1 0 0 0 0 1 0 0
13.52224504 0 1 0 0 0 0 0 0 0 0 0 1 0 0
13.52224504 0 1 1 1 0 0 0 0 0 0 0 0 1 0
13.62354552 0 1 1 0 0 0 0 0 0 0 0 0 0 0
13.78234086 0 1 1 1 0 0 0 0 0 0 0 0 0 0
13.79603012 0 1 1 1 1 1 1 0 0 0 0 0 0 0
13.79603012 0 1 1 1 1 1 1 1 0 0 0 0 0 0
13.86447639 1 1 1 1 1 1 1 1 1 0 0 0 0 1
13.87268994 1 1 1 1 1 1 0 0 0 0 0 0 0 0
13.88364134 1 1 1 1 1 1 1 1 0 0 0 0 0 0
13.8973306 0 0 0 0 0 0 0 0 0 0 0 1 0 0
13.9137577 0 1 1 0 0 0 0 0 0 0 0 0 0 0
13.92744695 0 1 1 1 1 1 0 0 0 0 0 0 1 1
13.94113621 1 1 1 0 0 0 0 0 0 0 0 0 0 0
13.94113621 1 1 1 1 1 1 0 0 0 0 0 0 0 0
13.95208761 0 1 1 1 1 1 0 0 0 0 0 1 0 0
13.96577687 0 1 1 1 1 1 1 1 1 0 0 1 0 1
13.96577687 0 1 1 1 1 1 1 1 1 1 0 0 0 1
13.97672827 0 1 1 1 1 1 1 1 0 0 0 1 0 1
13.98220397 0 1 0 0 0 0 0 0 0 0 0 0 0 0
13.98220397 0 1 1 1 1 1 0 0 0 0 0 1 0 0
13.99589322 0 1 1 1 1 1 1 0 0 0 0 0 0 0
14.00136893 0 1 1 1 1 1 0 0 0 0 0 0 0 0
14.00684463 0 1 1 1 1 0 0 0 0 0 0 0 0 0
14.01232033 0 1 1 1 1 1 0 0 0 0 0 0 1 1
14.01232033 0 1 1 1 1 1 1 1 0 0 0 0 0 1
14.02053388 0 1 0 0 0 0 0 0 0 0 0 0 1 1
14.02327173 0 1 1 1 0 0 0 0 0 0 0 0 1 0
14.02874743 0 1 1 0 0 0 0 0 0 0 0 0 0 0
14.0698152 0 1 0 0 0 0 0 0 0 0 0 0 0 0
14.07255305 0 1 1 1 1 1 1 0 0 0 0 0 0 1
14.0971937 1 1 0 0 0 0 0 0 0 0 0 1 1 0
14.09993155 0 1 1 1 1 0 0 0 0 0 0 0 0 0
14.12183436 1 1 1 1 1 0 0 0 0 0 0 0 0 1
14.14921287 0 1 1 1 1 0 0 0 0 0 0 0 1 0
14.15468857 0 1 1 0 0 0 0 0 0 0 0 0 1 0
14.19028063 1 1 1 1 0 0 0 0 0 0 0 0 0 0
14.19028063 1 1 1 1 1 0 0 0 0 0 0 0 0 0
14.24503765 0 1 1 1 1 1 1 0 0 0 0 1 0 0
14.34633812 1 1 1 0 0 0 0 0 0 0 0 0 1 0
14.36276523 1 1 1 1 1 1 1 1 1 0 0 1 0 0
14.4421629 0 1 1 1 1 1 1 1 1 0 0 0 0 0
14.48049281 1 1 1 1 1 1 1 1 1 0 0 0 0 0
14.51882272 0 1 1 1 1 1 0 0 0 0 0 0 0 0
14.73237509 1 1 1 1 1 1 1 1 0 0 0 0 0 1
14.7652293 0 1 1 1 1 1 1 0 0 0 0 0 0 0
14.7761807 0 1 1 0 0 0 0 0 0 0 0 0 1 0
14.88295688 0 1 1 1 0 0 0 0 0 0 0 0 1 0
14.89390828 0 1 1 1 0 0 0 0 0 0 0 0 1 0
14.91581109 0 1 1 1 1 1 1 0 0 0 0 1 0 0
14.9431896 0 1 1 1 1 0 0 0 0 0 0 0 0 0
14.94592745 0 1 1 1 0 0 0 0 0 0 0 0 0 0
14.9486653 0 1 1 1 1 1 0 0 0 0 0 0 0 0
14.95140315 0 1 0 0 0 0 0 0 0 0 0 0 0 0
14.95140315 0 1 1 1 0 0 0 0 0 0 0 0 0 0
14.96235455 0 1 0 0 0 0 0 0 0 0 0 0 0 0
14.9650924 0 1 1 1 0 0 0 0 0 0 0 0 0 0
14.98151951 0 1 1 0 0 0 0 0 0 0 0 0 1 0
14.99247091 0 1 1 1 1 0 0 0 0 0 0 1 0 0
14.99247091 0 1 1 1 1 1 0 0 0 0 0 0 0 0
14.99520876 0 1 1 1 0 0 0 0 0 0 0 0 0 0
14.99520876 0 1 1 1 1 1 0 0 0 0 0 0 0 0
15.00342231 0 1 1 1 0 0 0 0 0 0 0 0 1 0
15.00616016 0 1 1 0 0 0 0 0 0 0 0 0 0 0
15.03627652 0 1 1 1 1 1 1 0 0 0 0 1 0 0
15.05817933 1 1 1 1 1 1 1 1 0 0 0 1 0 0
15.08829569 0 1 0 0 0 0 0 0 0 0 0 0 0 0
15.09103354 1 0 0 0 0 0 0 0 0 0 0 0 0 0
15.11293634 0 1 1 1 1 0 0 0 0 0 0 0 0 0
15.1156742 0 1 1 1 1 0 0 0 0 0 0 0 1 0
15.12388775 0 1 1 1 1 1 1 1 0 0 0 1 0 0
15.1430527 0 1 1 1 1 1 1 1 0 0 0 0 0 0
15.17590691 0 1 1 1 1 1 0 0 0 0 0 0 1 0
15.35660507 1 1 1 1 1 1 1 1 0 0 0 0 0 0
15.38398357 1 1 1 0 0 0 0 0 0 0 0 0 0 0
15.4770705 0 1 1 1 1 1 1 0 0 0 0 0 0 0
15.74811773 1 1 1 1 1 0 0 0 0 0 0 0 0 0
15.75906913 0 1 1 0 0 0 0 0 0 0 0 0 0 0
15.816564 1 1 1 1 1 1 0 0 0 0 0 0 0 0
15.82477755 0 1 1 1 1 0 0 0 0 0 0 0 1 0
15.83572895 0 1 1 1 1 0 0 0 0 0 0 0 0 0
15.89596167 0 1 1 1 0 0 0 0 0 0 0 0 0 0
15.92607803 0 1 1 0 0 0 0 0 0 0 0 0 0 0
15.94250513 0 1 1 1 0 0 0 0 0 0 0 0 0 0
15.94798084 0 1 1 1 1 1 1 1 1 0 0 0 0 0
15.95345654 1 1 0 0 0 0 0 0 0 0 0 0 1 0
15.95619439 0 1 1 1 1 0 0 0 0 0 0 1 0 0
15.96714579 1 0 0 0 0 0 0 0 0 0 0 0 1 0
15.98631075 0 1 1 0 0 0 0 0 0 0 0 0 0 0
15.9945243 0 1 1 0 0 0 0 0 0 0 0 0 0 0
15.9945243 0 1 1 1 1 1 1 1 0 0 0 0 1 0
15.99726215 0 1 0 0 0 0 0 0 0 0 0 0 0 0
15.99726215 0 1 1 0 0 0 0 0 0 0 0 1 0 0
15.99726215 0 1 1 1 0 0 0 0 0 0 0 0 1 0
15.99726215 0 1 1 1 1 1 1 0 0 0 0 0 0 1
16.01368925 0 1 1 1 1 1 1 0 0 0 0 0 0 0
16.01916496 0 1 1 0 0 0 0 0 0 0 0 0 0 1
16.01916496 0 1 1 1 1 0 0 0 0 0 0 0 0 0
16.02737851 0 1 0 0 0 0 0 0 0 0 0 1 0 0
16.03011636 0 0 0 0 0 0 0 0 0 0 0 1 0 0
16.06023272 0 0 0 0 0 0 0 0 0 0 0 0 0 0
16.07392197 0 1 1 1 1 0 0 0 0 0 0 0 0 0
16.07939767 0 1 1 0 0 0 0 0 0 0 0 0 1 0
16.07939767 0 1 1 1 1 1 0 0 0 0 0 0 0 0
16.10677618 0 1 1 0 0 0 0 0 0 0 0 0 0 0
16.12867899 0 1 1 1 1 1 1 1 0 0 0 1 0 1
16.13963039 0 1 1 1 1 1 1 1 0 0 0 0 0 0
16.1615332 1 1 1 1 1 1 0 0 0 0 0 0 0 0
16.16974675 0 1 1 1 1 0 0 0 0 0 0 0 0 0
16.26283368 0 1 1 0 0 0 0 0 0 0 0 0 0 0
16.32580424 1 1 1 1 0 0 0 0 0 0 0 0 1 0
16.47091034 0 1 1 1 1 1 1 1 0 0 0 1 0 1
16.63518138 1 1 1 0 0 0 0 0 0 0 0 0 0 0
16.70910335 0 1 1 0 0 0 0 0 0 0 0 0 0 0
16.87063655 0 1 1 1 1 1 1 1 1 0 0 1 0 0
16.93086927 0 1 1 0 0 0 0 0 0 0 0 0 0 0
16.95550992 0 1 1 1 1 1 1 0 0 0 0 0 1 0
16.95824778 0 1 0 0 0 0 0 0 0 0 0 1 0 0
16.97467488 0 1 1 1 1 0 0 0 0 0 0 0 1 0
16.98015058 0 1 1 1 0 0 0 0 0 0 0 0 0 0
16.98288843 0 1 1 0 0 0 0 0 0 0 0 0 0 0
16.99931554 0 1 0 0 0 0 0 0 0 0 0 0 0 0
16.99931554 0 1 1 1 1 1 1 1 0 0 0 0 0 0
17.00205339 0 1 1 1 1 1 1 1 0 0 0 0 0 0
17.01026694 0 1 1 1 1 0 0 0 0 0 0 0 0 0
17.02669405 0 1 1 1 1 1 1 1 0 0 0 1 0 1
17.0294319 0 1 1 1 1 1 1 1 1 0 0 0 0 0
17.11156742 0 1 1 1 1 0 0 0 0 0 0 0 0 0
17.12251882 0 1 1 1 0 0 0 0 0 0 0 0 0 0
17.17453799 0 0 0 0 0 0 0 0 0 0 0 1 0 0
17.2073922 0 1 1 1 1 1 1 1 0 0 0 0 0 0
