0.315367343765684 1 1 1 0 0 0 0 0 0 0 0 0 0
0.637992694079876 1 1 1 1 1 1 1 1 1 0 0 1 0
0.85266933904495 1 1 1 0 0 0 0 0 0 0 0 1 0
1.37111932326574 1 1 1 1 1 1 1 1 1 1 0 0 0
1.48022578274365 0 1 1 1 0 0 0 0 0 0 0 1 1
1.48780991279054 1 0 0 0 0 0 0 0 0 0 0 1 0
1.49644934905227 0 1 1 1 0 0 0 0 0 0 0 1 0
1.49955706459936 0 1 1 1 0 0 0 0 0 0 0 1 1
1.50810972197447 0 1 1 1 0 0 0 0 0 0 0 1 0
1.5108682166459 1 1 0 0 0 0 0 0 0 0 0 0 0
1.51329863647465 1 1 1 1 1 1 1 1 0 0 0 0 1
1.61979665290099 1 1 1 1 1 1 1 1 1 1 0 0 0
1.6506677960977 1 1 1 1 1 1 0 0 0 0 0 1 0
1.67277938683517 1 1 1 0 0 0 0 0 0 0 0 1 0
1.70504514859989 1 1 0 0 0 0 0 0 0 0 0 1 1
1.73326754685957 1 1 1 1 1 1 1 1 0 0 0 1 0
1.74521751431283 1 1 0 0 0 0 0 0 0 0 0 1 0
1.77547149058897 1 1 1 1 0 0 0 0 0 0 0 0 1
1.77998859131243 1 1 1 1 0 0 0 0 0 0 0 1 1
1.85091138061602 1 1 0 0 0 0 0 0 0 0 0 0 0
1.90532628815155 1 1 1 0 0 0 0 0 0 0 0 1 1
1.97054545603693 1 1 1 1 0 0 0 0 0 0 0 0 0
2.1121342233941 1 0 0 0 0 0 0 0 0 0 0 0 1
2.20210835629143 1 1 1 1 0 0 0 0 0 0 0 1 0
2.67792889391072 1 1 1 1 1 1 1 1 1 1 0 0 0
2.70764267094433 0 0 0 0 0 0 0 0 0 0 0 1 0
2.74767763603013 1 0 0 0 0 0 0 0 0 0 0 1 1
2.83079556286335 1 0 0 0 0 0 0 0 0 0 0 1 0
2.91052737633232 1 1 1 1 1 1 1 0 0 0 0 1 0
3.67710864289198 0 1 1 1 1 1 1 1 1 0 0 1 1
3.71031830181368 1 1 1 1 1 1 1 1 1 0 0 1 0
4.13401284018066 1 1 1 1 1 0 0 0 0 0 0 0 1
4.2961719754897 1 1 1 1 1 0 0 0 0 0 0 1 0
4.33367919212673 1 0 0 0 0 0 0 0 0 0 0 0 0
4.9711522444291 1 1 1 1 1 1 1 1 1 0 0 0 0
5.3896654462535 1 1 0 0 0 0 0 0 0 0 0 0 0
5.44874603897799 1 1 0 0 0 0 0 0 0 0 0 0 0
5.68553235684056 1 1 1 0 0 0 0 0 0 0 0 0 1
5.78129288120661 1 1 1 1 1 0 0 0 0 0 0 0 1
5.80786993843969 1 1 1 1 1 1 1 1 1 1 0 0 1
5.835758989444 1 1 1 1 1 1 1 1 0 0 0 0 0
5.90811542809475 0 1 0 0 0 0 0 0 0 0 0 0 0
5.94275557720102 1 1 1 0 0 0 0 0 0 0 0 0 1
5.95086363842711 0 1 0 0 0 0 0 0 0 0 0 0 1
6.11504452634603 1 0 0 0 0 0 0 0 0 0 0 0 1
6.15317010927014 1 1 0 0 0 0 0 0 0 0 0 0 1
6.25746304224245 1 1 1 1 0 0 0 0 0 0 0 0 0
6.332415433852 1 0 0 0 0 0 0 0 0 0 0 1 1
6.53530128624756 1 0 0 0 0 0 0 0 0 0 0 0 0
6.5840197358653 1 1 1 1 1 0 0 0 0 0 0 1 0
6.6220202454133 1 1 1 0 0 0 0 0 0 0 0 0 1
6.90298259506468 1 1 1 0 0 0 0 0 0 0 0 0 0
7.09751004437916 1 1 1 1 1 0 0 0 0 0 0 1 1
7.1005116914399 1 0 0 0 0 0 0 0 0 0 0 1 0
7.1084187798854 0 0 0 0 0 0 0 0 0 0 0 1 1
7.63811096769292 1 1 1 1 0 0 0 0 0 0 0 0 0
7.90430640812497 1 1 1 1 1 1 1 1 1 0 0 1 0
8.0116189730959 0 0 0 0 0 0 0 0 0 0 0 0 0
8.01430478779599 0 0 0 0 0 0 0 0 0 0 0 0 1
8.33927319573705 1 1 1 1 1 1 0 0 0 0 0 0 1
8.35077395133674 1 1 1 1 1 1 0 0 0 0 0 0 0
8.8863030496519 1 1 1 1 1 1 1 1 1 1 1 1 0
9.45171624444425 1 1 1 0 0 0 0 0 0 0 0 1 0
9.63049609523266 1 1 1 0 0 0 0 0 0 0 0 0 0
9.6631098810397 1 1 1 1 1 1 1 1 1 0 0 0 0
9.67028700501658 0 1 1 1 1 1 1 1 1 0 0 0 1
9.87815642212517 1 1 1 1 1 1 1 1 1 0 0 0 0
9.90909629833884 0 1 1 1 1 1 1 1 0 0 0 1 1
9.91058714164887 1 1 1 1 1 1 1 1 0 0 0 0 0
9.91814826789312 1 1 1 1 1 1 1 1 0 0 0 0 1
9.95610228541307 1 1 1 0 0 0 0 0 0 0 0 0 0
10.3178757512383 1 1 1 0 0 0 0 0 0 0 0 1 1
10.3764112656051 1 1 1 0 0 0 0 0 0 0 0 1 1
10.6471735448949 0 1 1 1 1 1 0 0 0 0 0 1 0
10.6533621252468 0 1 1 1 1 1 0 0 0 0 0 1 1
10.7535000170395 0 1 0 0 0 0 0 0 0 0 0 0 1
10.784978481154 0 1 1 1 0 0 0 0 0 0 0 1 1
10.8147831684351 0 1 1 1 0 0 0 0 0 0 0 1 0
10.8519487690832 1 1 0 0 0 0 0 0 0 0 0 1 0
11.0067080247868 1 1 1 1 1 1 1 1 1 1 0 1 0
11.0924182372447 1 1 1 1 0 0 0 0 0 0 0 0 1
11.3295082445815 1 0 0 0 0 0 0 0 0 0 0 0 0
12.2372154653585 1 1 1 1 1 0 0 0 0 0 0 0 0
12.7823122121766 1 1 1 1 1 1 0 0 0 0 0 1 0
12.9810395035241 1 1 1 1 1 1 1 1 1 0 0 0 1
13.1073574542813 1 1 0 0 0 0 0 0 0 0 0 0 1
13.3340215781471 1 1 1 0 0 0 0 0 0 0 0 0 1
13.4266343603283 1 1 1 1 1 0 0 0 0 0 0 1 0
13.5795403929427 1 1 0 0 0 0 0 0 0 0 0 0 1
13.7940971362917 1 1 1 0 0 0 0 0 0 0 0 0 0
13.8108030168246 1 1 1 0 0 0 0 0 0 0 0 0 1
13.8293104169983 1 1 1 0 0 0 0 0 0 0 0 0 1
13.8464248836553 1 1 1 1 1 1 1 1 1 0 0 1 0
13.8604162461217 1 1 1 0 0 0 0 0 0 0 0 0 0
13.8650352619775 1 1 1 1 1 0 0 0 0 0 0 1 0
13.8656068121223 1 1 1 1 1 1 1 1 1 1 0 0 1
13.8952055554511 1 1 1 1 1 1 1 1 1 0 0 1 0
13.9494914102508 1 1 1 1 1 1 1 1 1 1 1 0 0
13.9741353265243 1 1 1 0 0 0 0 0 0 0 0 0 1
14.0180398212094 1 1 1 1 0 0 0 0 0 0 0 1 0
14.107332735979 1 1 1 1 1 1 0 0 0 0 0 1 0
14.3169892373495 1 1 1 0 0 0 0 0 0 0 0 0 1
14.3250537977694 1 1 1 1 0 0 0 0 0 0 0 0 1
14.384504946582 1 1 1 1 1 0 0 0 0 0 0 1 0
14.4072499199258 0 1 1 1 1 1 1 1 0 0 0 0 0
14.8013923425088 1 1 1 0 0 0 0 0 0 0 0 0 0
15.8391986820986 1 1 1 1 0 0 0 0 0 0 0 0 0
15.887342202398 0 1 1 1 0 0 0 0 0 0 0 0 1
17.735467664469 1 1 1 0 0 0 0 0 0 0 0 1 1
18.0511991546396 1 1 1 1 0 0 0 0 0 0 0 1 0
18.0524671143573 1 1 1 0 0 0 0 0 0 0 0 0 0
18.4720531412214 1 1 1 1 1 1 1 1 1 0 0 1 0
18.7373419719702 1 0 0 0 0 0 0 0 0 0 0 0 1
18.758954511052 0 1 1 1 1 1 1 1 1 0 0 1 1
18.9141577742156 0 1 1 0 0 0 0 0 0 0 0 1 0
18.9596805091621 0 1 1 0 0 0 0 0 0 0 0 1 1
18.9780637182249 1 0 0 0 0 0 0 0 0 0 0 1 0
19.0393362261541 1 1 1 0 0 0 0 0 0 0 0 0 0
19.4368836027198 1 1 1 1 1 0 0 0 0 0 0 1 0
20.100797760305 0 1 1 1 1 1 1 1 1 1 1 1 1
20.2040510521177 1 1 1 0 0 0 0 0 0 0 0 0 1
20.635012102765 0 1 0 0 0 0 0 0 0 0 0 0 0
20.6443228914356 0 1 0 0 0 0 0 0 0 0 0 0 1
21.1572688670736 1 1 1 1 1 1 1 1 1 0 0 0 0
21.5795731029846 0 1 1 1 1 1 1 1 1 0 0 1 1
21.5916069434909 1 1 1 0 0 0 0 0 0 0 0 0 1
21.9290184431104 1 1 1 1 1 1 0 0 0 0 0 0 0
21.9827049476281 1 0 0 0 0 0 0 0 0 0 0 0 0
22.0470601629047 1 1 1 0 0 0 0 0 0 0 0 0 0
22.0542279808875 1 1 1 1 1 1 1 1 0 0 0 0 0
22.1332469794294 1 1 0 0 0 0 0 0 0 0 0 1 0
22.2313094872422 1 1 1 0 0 0 0 0 0 0 0 1 0
22.2536011848366 1 1 1 1 1 1 0 0 0 0 0 1 0
23.1743730921717 0 1 1 0 0 0 0 0 0 0 0 1 0
23.2158496449701 0 1 1 0 0 0 0 0 0 0 0 1 1
24.448223556173 1 1 1 1 1 1 1 1 1 0 0 0 1
24.7343979069218 1 1 0 0 0 0 0 0 0 0 0 0 0
25.3425305491407 1 1 1 1 1 1 1 0 0 0 0 0 0
25.6833366885176 1 1 1 1 1 1 0 0 0 0 0 0 1
25.821426907978 1 1 1 1 1 1 1 1 1 0 0 1 1
25.8486183375819 0 1 1 0 0 0 0 0 0 0 0 0 0
25.8868379293056 0 1 1 0 0 0 0 0 0 0 0 0 1
25.9654563736124 1 1 0 0 0 0 0 0 0 0 0 0 0
26.2040419783443 1 1 0 0 0 0 0 0 0 0 0 0 1
26.2224540653825 1 1 1 1 1 1 1 0 0 0 0 0 0
26.2885401094798 1 1 1 1 1 1 0 0 0 0 0 0 1
26.401086232597 1 1 1 1 1 1 1 0 0 0 0 1 0
26.4895000907732 0 1 0 0 0 0 0 0 0 0 0 0 0
26.5052987329522 0 1 0 0 0 0 0 0 0 0 0 0 1
26.5187701961398 1 1 1 1 1 1 1 1 1 1 0 0 0
27.629933252139 1 1 1 1 1 1 1 1 0 0 0 0 0
29.0571009089891 0 1 1 0 0 0 0 0 0 0 0 1 0
29.0659620751068 0 1 1 0 0 0 0 0 0 0 0 1 1
30.0109233536012 1 1 1 0 0 0 0 0 0 0 0 1 0
30.2023208757723 1 1 1 0 0 0 0 0 0 0 0 0 1
30.4328308911808 1 1 1 0 0 0 0 0 0 0 0 0 0
30.8571137648448 1 1 1 1 1 1 1 1 1 1 0 1 1
31.1492547008488 0 1 1 0 0 0 0 0 0 0 0 0 1
31.1855162943248 0 1 1 0 0 0 0 0 0 0 0 0 0
31.341445308947 1 1 1 0 0 0 0 0 0 0 0 1 0
31.5880473504495 0 0 0 0 0 0 0 0 0 0 0 0 0
31.6024034366244 0 0 0 0 0 0 0 0 0 0 0 0 1
31.6730850226385 1 1 1 1 1 1 1 1 1 0 0 0 0
31.6797926348122 0 1 1 1 1 1 1 1 1 0 0 0 1
32.0548716579797 0 1 1 1 1 0 0 0 0 0 0 1 1
32.2491154721985 0 1 1 0 0 0 0 0 0 0 0 0 0
32.2531359402183 0 1 1 0 0 0 0 0 0 0 0 0 1
32.6508700140938 0 1 0 0 0 0 0 0 0 0 0 0 1
32.688313500816 0 1 0 0 0 0 0 0 0 0 0 0 0
33.6751731350273 1 1 1 1 1 1 0 0 0 0 0 0 0
33.6886951904604 1 1 1 1 1 1 0 0 0 0 0 0 1
33.9249760004366 1 1 1 0 0 0 0 0 0 0 0 0 1
34.2037873599585 0 1 0 0 0 0 0 0 0 0 0 1 0
34.255259166467 0 1 0 0 0 0 0 0 0 0 0 1 1
34.3955581944389 1 1 1 1 0 0 0 0 0 0 0 1 1
34.5962019448727 1 1 0 0 0 0 0 0 0 0 0 0 1
35.5629272564408 1 1 1 0 0 0 0 0 0 0 0 0 0
38.0831511165295 0 1 1 1 1 0 0 0 0 0 0 0 0
38.0886388594005 0 0 0 0 0 0 0 0 0 0 0 0 1
38.1078732826374 0 1 1 1 1 1 0 0 0 0 0 1 1
38.1106802726816 0 1 1 1 1 0 0 0 0 0 0 0 1
38.2868960585119 0 1 1 1 1 1 1 1 1 0 0 0 0
38.3031284270063 0 1 1 1 1 1 1 1 1 0 0 0 1
38.3268863934139 0 1 1 0 0 0 0 0 0 0 0 0 1
38.3364226353029 0 1 1 0 0 0 0 0 0 0 0 1 0
38.3367922332697 0 1 1 0 0 0 0 0 0 0 0 1 1
38.3504660316044 0 1 1 0 0 0 0 0 0 0 0 0 0
38.4021330900304 1 1 1 1 0 0 0 0 0 0 0 1 0
38.4972955374653 1 1 1 1 1 1 0 0 0 0 0 1 1
38.5897780769691 1 1 1 1 1 1 1 1 1 1 0 1 0
38.6194475011202 1 1 1 1 1 1 1 1 1 1 0 1 0
38.7737863675598 0 1 1 1 1 1 1 0 0 0 0 0 0
38.7814323983481 0 1 1 1 1 1 1 0 0 0 0 0 1
38.7829462839384 0 1 1 0 0 0 0 0 0 0 0 0 1
38.8112523419177 0 1 1 0 0 0 0 0 0 0 0 0 0
38.8208675891813 0 1 1 0 0 0 0 0 0 0 0 0 1
38.8279123806069 0 1 1 1 1 0 0 0 0 0 0 1 1
38.8306061955821 0 1 1 1 1 1 1 1 1 1 1 1 1
38.8624336206261 0 1 1 1 1 1 1 1 1 1 1 1 0
38.911525641554 1 1 1 1 0 0 0 0 0 0 0 1 1
39.6028983263578 0 1 1 1 1 1 1 1 1 1 0 0 1
39.6105931963725 0 1 1 1 1 1 1 1 1 1 0 0 0
39.7722020601295 0 1 1 1 1 1 1 0 0 0 0 1 1
39.8057493609423 0 1 1 1 1 1 1 0 0 0 0 1 0
39.9533868563315 0 1 0 0 0 0 0 0 0 0 0 1 0
39.9667411928438 0 1 0 0 0 0 0 0 0 0 0 1 1
40.0560529422946 0 1 1 1 1 1 0 0 0 0 0 0 0
40.175126113873 0 1 0 0 0 0 0 0 0 0 0 0 1
40.1899000048265 0 1 0 0 0 0 0 0 0 0 0 0 0
41.457970734383 1 1 1 1 1 0 0 0 0 0 0 0 0
41.6016419693874 0 1 1 1 0 0 0 0 0 0 0 1 1
41.9731751875114 0 1 1 1 1 1 1 0 0 0 0 1 1
41.9864209268428 0 1 1 1 1 1 1 0 0 0 0 1 0
42.0874512274005 0 1 1 1 0 0 0 0 0 0 0 1 0
42.1272346272925 0 1 1 1 0 0 0 0 0 0 0 1 1
42.1360198210413 0 1 1 0 0 0 0 0 0 0 0 0 0
42.1447408447275 0 1 1 0 0 0 0 0 0 0 0 0 1
42.190844253893 1 1 1 0 0 0 0 0 0 0 0 0 1
42.2052786795143 0 1 1 1 1 1 1 0 0 0 0 1 0
42.2084625747008 1 1 1 0 0 0 0 0 0 0 0 0 0
42.2373069185298 0 1 1 1 1 1 1 0 0 0 0 1 1
42.2623154528625 0 1 1 1 1 1 0 0 0 0 0 1 1
42.2696162182093 0 1 1 1 1 1 0 0 0 0 0 1 0
42.2740642776014 0 1 0 0 0 0 0 0 0 0 0 1 0
42.3009841442993 0 1 0 0 0 0 0 0 0 0 0 1 1
42.3101066990197 0 1 1 1 0 0 0 0 0 0 0 1 0
42.3324362886976 0 1 1 0 0 0 0 0 0 0 0 1 0
42.3368557370268 1 1 1 1 1 0 0 0 0 0 0 0 0
42.4611597653571 1 1 1 0 0 0 0 0 0 0 0 0 1
42.506836183765 0 1 1 0 0 0 0 0 0 0 0 1 1
42.5105965480162 0 1 1 1 1 1 0 0 0 0 0 1 1
42.8054989382299 0 1 1 1 1 1 1 1 1 1 0 1 1
42.821776953144 0 1 1 1 1 1 1 1 1 1 0 1 0
43.0543095732247 1 1 1 1 0 0 0 0 0 0 0 1 0
43.1250419863407 0 1 1 0 0 0 0 0 0 0 0 0 0
43.1288119356754 0 1 1 0 0 0 0 0 0 0 0 0 1
43.3349292536033 0 1 1 0 0 0 0 0 0 0 0 1 1
43.3441686132737 1 1 1 0 0 0 0 0 0 0 0 1 0
43.6946018904215 0 1 0 0 0 0 0 0 0 0 0 0 1
43.7115071590804 1 1 1 1 1 0 0 0 0 0 0 1 0
44.4173773332825 0 1 1 1 1 1 1 1 1 0 0 1 1
44.6088715892937 0 1 1 1 0 0 0 0 0 0 0 0 1
44.6578457241226 0 1 1 1 0 0 0 0 0 0 0 0 0
45.4101581129013 0 1 1 0 0 0 0 0 0 0 0 1 1
45.4503108141385 0 1 1 0 0 0 0 0 0 0 0 1 0
45.7509615731006 0 1 0 0 0 0 0 0 0 0 0 0 1
45.957097674706 0 0 0 0 0 0 0 0 0 0 0 1 1
46.197063025888 0 1 1 1 0 0 0 0 0 0 0 0 1
46.2158546478348 0 1 1 1 0 0 0 0 0 0 0 0 0
46.2380283319624 1 1 1 0 0 0 0 0 0 0 0 0 0
46.249672722579 0 1 1 1 1 1 0 0 0 0 0 0 1
46.2755307891732 0 1 1 1 1 1 0 0 0 0 0 0 0
46.2777792745828 0 1 0 0 0 0 0 0 0 0 0 1 1
46.2814139886014 0 1 0 0 0 0 0 0 0 0 0 1 0
46.3132177560823 1 1 1 1 1 0 0 0 0 0 0 1 0
46.328295882768 0 1 1 1 1 0 0 0 0 0 0 1 1
46.3284158578096 0 1 0 0 0 0 0 0 0 0 0 0 1
46.3536764072208 0 1 0 0 0 0 0 0 0 0 0 0 0
46.4397766736662 1 1 1 1 1 0 0 0 0 0 0 0 1
46.5429226507852 0 1 1 1 1 0 0 0 0 0 0 1 1
46.5480510410713 0 0 0 0 0 0 0 0 0 0 0 0 0
46.6745216333168 1 1 1 0 0 0 0 0 0 0 0 0 0
46.7644140706956 0 1 1 1 1 1 1 1 1 1 0 0 1
46.914397498183 0 1 1 1 1 1 1 1 0 0 0 0 1
47.6090192241129 0 1 0 0 0 0 0 0 0 0 0 1 0
47.6309867942659 0 1 0 0 0 0 0 0 0 0 0 1 1
48.3086803545663 1 1 1 1 1 0 0 0 0 0 0 0 0
48.432860947568 1 1 1 0 0 0 0 0 0 0 0 0 0
48.5782969605643 0 1 1 1 1 0 0 0 0 0 0 0 0
48.8917198426137 1 1 0 0 0 0 0 0 0 0 0 0 1
49.5998250067886 0 0 0 0 0 0 0 0 0 0 0 0 1
49.604142668792 0 0 0 0 0 0 0 0 0 0 0 0 0
49.9369181057485 0 1 1 1 1 0 0 0 0 0 0 1 1
50.0099266268918 0 1 1 1 1 1 1 0 0 0 0 1 1
50.2507675174158 0 1 1 1 1 1 0 0 0 0 0 0 0
50.2821095361235 0 1 1 1 1 1 0 0 0 0 0 0 1
50.4879025571514 0 1 1 1 1 0 0 0 0 0 0 0 0
50.5095913381921 0 1 1 1 1 0 0 0 0 0 0 0 1
50.6424201402394 0 0 0 0 0 0 0 0 0 0 0 1 1
50.9215479242336 0 1 0 0 0 0 0 0 0 0 0 0 0
51.1058028878737 0 1 1 1 1 1 1 0 0 0 0 0 1
51.1097408826184 0 1 1 0 0 0 0 0 0 0 0 1 0
51.1397694537742 0 1 1 1 1 1 1 0 0 0 0 0 0
51.1676329322066 0 1 1 1 1 1 1 1 0 0 0 0 1
51.1771053845016 0 1 1 1 1 1 1 1 0 0 0 0 0
51.6381866660574 0 1 1 1 1 0 0 0 0 0 0 0 1
52.3486021898314 0 1 1 1 1 1 1 1 0 0 0 0 1
52.8030713290489 0 1 1 1 1 1 1 0 0 0 0 0 1
53.4417398910876 0 1 1 1 0 0 0 0 0 0 0 0 0
53.4437495017005 0 1 1 1 0 0 0 0 0 0 0 0 1
54.1156610700581 1 1 1 1 1 1 1 1 1 1 0 1 0
54.1527312323591 0 1 1 1 1 1 1 1 1 1 0 1 1
54.1547577605024 0 1 1 0 0 0 0 0 0 0 0 0 0
54.1550045900186 0 1 1 0 0 0 0 0 0 0 0 0 1
54.2343089648709 0 1 1 1 1 1 1 1 1 1 0 0 1
54.3153276947374 1 1 1 0 0 0 0 0 0 0 0 1 0
54.4286237544892 0 1 1 1 1 1 0 0 0 0 0 1 1
54.4288579506753 0 1 1 1 1 1 0 0 0 0 0 1 0
54.622972850441 0 1 1 1 1 1 1 1 1 1 0 1 1
54.7557754479628 0 1 1 1 0 0 0 0 0 0 0 1 1
54.8235920943832 0 1 0 0 0 0 0 0 0 0 0 0 0
55.1320581043791 0 1 1 1 1 1 1 1 1 1 1 1 1
55.1739648426277 0 1 1 1 1 1 1 1 1 1 1 1 0
55.263158246493 0 1 1 1 1 1 1 1 1 1 0 1 0
55.2783022812707 0 1 1 1 1 1 1 1 1 1 0 1 1
55.3422344444972 0 1 1 1 1 1 1 0 0 0 0 1 0
55.3482848072517 0 1 1 1 1 1 1 0 0 0 0 1 1
55.6424052787759 0 1 1 1 0 0 0 0 0 0 0 1 1
56.049037569114 0 1 0 0 0 0 0 0 0 0 0 1 0
56.0650637970911 0 1 0 0 0 0 0 0 0 0 0 1 1
56.5782095252536 0 1 1 1 1 1 1 1 1 0 0 0 1
56.6135707280552 0 1 1 1 1 1 1 1 1 0 0 0 0
56.8116798223602 0 1 1 0 0 0 0 0 0 0 0 1 1
57.0159268794721 0 0 0 0 0 0 0 0 0 0 0 1 0
57.2045905554388 0 1 1 0 0 0 0 0 0 0 0 0 1
57.2350769946491 0 0 0 0 0 0 0 0 0 0 0 0 0
57.2460094189784 0 0 0 0 0 0 0 0 0 0 0 0 1
57.431220964035 0 1 1 1 1 1 1 1 1 0 0 1 1
57.4770141420793 0 1 1 1 1 1 1 1 1 0 0 1 0
57.900777332657 0 1 1 0 0 0 0 0 0 0 0 0 1
57.92635567124 0 1 1 0 0 0 0 0 0 0 0 0 0
58.0750914722914 0 1 1 1 1 0 0 0 0 0 0 1 1
58.1000742756482 0 1 1 1 1 1 1 1 1 0 0 0 1
58.1083932676632 0 1 1 1 1 1 1 1 1 0 0 0 0
58.1930549151404 0 1 1 1 0 0 0 0 0 0 0 1 1
58.2305967206787 0 1 0 0 0 0 0 0 0 0 0 1 1
58.2420562152285 0 1 0 0 0 0 0 0 0 0 0 1 0
58.4636972221453 0 1 1 1 1 0 0 0 0 0 0 0 1
58.5384738299903 0 1 1 1 1 0 0 0 0 0 0 0 1
58.5459509007214 0 1 1 1 1 1 0 0 0 0 0 0 1
58.5478598253988 0 1 1 1 1 0 0 0 0 0 0 0 0
58.5792344293138 0 1 1 1 1 1 0 0 0 0 0 0 0
58.6957024613256 0 1 1 1 0 0 0 0 0 0 0 1 0
58.7171996561717 0 1 1 1 0 0 0 0 0 0 0 1 1
58.8736079574516 0 1 1 0 0 0 0 0 0 0 0 1 1
59.0493384600198 0 1 0 0 0 0 0 0 0 0 0 0 1
59.3058751974069 0 1 1 0 0 0 0 0 0 0 0 1 1
59.754557581516 0 0 0 0 0 0 0 0 0 0 0 1 1
59.8433238918474 1 1 1 1 0 0 0 0 0 0 0 0 0
60.2722334698867 0 1 1 1 1 1 1 0 0 0 0 1 1
60.9341001113271 0 1 0 0 0 0 0 0 0 0 0 0 0
60.9851139838714 0 1 0 0 0 0 0 0 0 0 0 0 1
61.406594497175 0 1 1 1 1 1 1 1 1 0 0 1 1
61.8452050685557 1 1 1 1 1 0 0 0 0 0 0 0 0
62.0215296417102 0 1 1 1 1 1 0 0 0 0 0 1 1
62.0353067443054 0 1 1 1 1 1 0 0 0 0 0 1 0
62.3927899701521 0 1 1 1 1 0 0 0 0 0 0 1 1
62.6268585136533 0 1 1 0 0 0 0 0 0 0 0 0 1
62.8395116264187 0 1 1 1 1 0 0 0 0 0 0 0 1
62.8534406897752 0 1 1 1 1 0 0 0 0 0 0 0 0
62.9772432715446 0 1 0 0 0 0 0 0 0 0 0 1 1
63.3638848446775 1 1 1 1 1 1 1 1 0 0 0 0 1
63.370721373749 0 1 1 1 1 0 0 0 0 0 0 1 1
63.5190250549046 0 1 0 0 0 0 0 0 0 0 0 1 1
63.664424574296 0 1 1 1 1 1 1 0 0 0 0 0 1
63.841497959327 0 1 1 1 0 0 0 0 0 0 0 0 0
63.8518898448208 0 1 1 1 0 0 0 0 0 0 0 0 1
63.889994927058 0 1 1 1 1 1 1 1 1 0 0 0 1
64.7625711724349 0 1 0 0 0 0 0 0 0 0 0 1 1
64.7677715922427 0 1 0 0 0 0 0 0 0 0 0 1 0
65.2509962478467 0 1 1 0 0 0 0 0 0 0 0 1 1
65.2561693220166 0 1 1 1 1 0 0 0 0 0 0 1 1
65.2623109933548 0 1 1 1 1 0 0 0 0 0 0 1 0
65.611359523423 0 1 1 0 0 0 0 0 0 0 0 1 0
65.6533631842024 0 1 1 0 0 0 0 0 0 0 0 1 1
65.8193457038421 0 0 0 0 0 0 0 0 0 0 0 0 1
66.2337699648412 0 0 0 0 0 0 0 0 0 0 0 0 0
66.2421700981911 0 0 0 0 0 0 0 0 0 0 0 0 1
66.2754460758716 0 1 1 1 1 1 0 0 0 0 0 1 1
66.3830501148524 0 1 1 1 0 0 0 0 0 0 0 0 1
66.800668981541 0 1 1 1 0 0 0 0 0 0 0 0 0
66.8168257530499 0 1 1 1 1 0 0 0 0 0 0 1 0
66.8354494753899 0 1 1 1 0 0 0 0 0 0 0 0 1
66.9713089173054 0 1 1 1 1 1 1 0 0 0 0 1 1
66.9821496645128 0 1 1 1 1 1 1 0 0 0 0 1 0
67.0169488101592 0 1 1 0 0 0 0 0 0 0 0 0 0
67.0513519215444 0 1 0 0 0 0 0 0 0 0 0 0 0
67.0880945414584 0 1 1 0 0 0 0 0 0 0 0 1 1
67.0980254547577 0 1 1 0 0 0 0 0 0 0 0 1 0
67.4360701798368 0 1 0 0 0 0 0 0 0 0 0 0 0
67.475691023306 0 1 0 0 0 0 0 0 0 0 0 0 1
67.518910831972 0 1 1 1 1 1 1 1 1 1 0 1 1
67.5618627994973 0 1 1 0 0 0 0 0 0 0 0 0 0
67.5897724946681 0 1 1 0 0 0 0 0 0 0 0 0 1
68.3302750947047 0 1 1 1 0 0 0 0 0 0 0 1 0
69.9257023397042 0 1 1 1 1 1 1 1 1 1 1 0 1
70.0433482590038 0 1 0 0 0 0 0 0 0 0 0 0 0
70.934504000917 0 1 1 1 0 0 0 0 0 0 0 0 1
70.9427389961481 0 1 1 1 0 0 0 0 0 0 0 0 0
73.442480737376 0 1 1 0 0 0 0 0 0 0 0 1 1
73.4616703160759 0 1 1 0 0 0 0 0 0 0 0 1 0
74.966091999649 0 1 1 0 0 0 0 0 0 0 0 0 1
74.9779296888411 0 1 1 0 0 0 0 0 0 0 0 0 0
75.0259624357894 0 1 1 1 1 0 0 0 0 0 0 0 1
