0.079 0 0 0 1 1 1
0.101 1 0 0 1 1 1
0.115 0 0 0 1 1 1
0.164 0 1 0 0 1 1
0.167 1 1 0 0 1 0
0.194 1 0 0 1 1 0
0.222 0 1 0 0 0 1
0.238 0 1 0 0 0 1
0.252 0 1 0 0 1 1
0.252 0 1 0 0 1 1
0.252 0 1 0 0 1 1
0.252 0 1 0 0 1 1
0.301 0 0 0 1 0 1
0.301 0 0 0 1 0 1
0.348 0 0 0 1 1 1
0.381 0 0 0 1 1 1
0.381 0 1 0 0 0 1
0.419 1 1 0 0 1 1
0.427 1 1 0 0 1 1
0.444 0 0 0 1 0 0
0.498 1 0 0 1 1 1
0.498 1 0 0 1 1 1
0.498 1 1 0 0 0 1
0.4985 1 0 0 1 1 0
0.4985 1 1 0 0 0 0
0.4985 1 1 0 0 1 0
0.4985 1 1 0 0 1 1
0.509 1 0 0 1 0 1
0.512 1 0 0 1 0 1
0.5145 1 0 0 1 1 1
0.523 0 1 0 0 1 1
0.534 0 0 0 1 1 1
0.539 0 1 0 0 0 0
0.548 0 0 0 1 1 1
0.561 0 1 0 0 1 1
0.567 0 0 1 0 1 1
0.58 1 0 0 1 0 0
0.583 1 1 0 0 1 1
0.586 1 0 0 1 0 1
0.5885 1 1 0 0 1 1
0.6 0 1 0 0 1 1
0.608 0 1 0 0 1 1
0.608 1 1 0 0 1 1
0.621 0 0 0 1 0 1
0.621 0 0 0 1 1 0
0.627 0 1 0 0 0 1
0.641 0 0 0 1 1 1
0.641 0 1 0 0 1 1
0.646 0 1 0 0 1 1
0.676 0 0 1 0 1 1
0.679 0 1 0 0 0 1
0.687 0 0 0 1 1 0
0.698 0 1 0 0 1 1
0.728 0 0 0 1 0 1
0.734 0 1 0 0 0 1
0.745 0 0 0 1 1 1
0.75 1 1 0 0 1 0
0.753 1 0 0 1 1 1
0.761 0 0 1 0 1 1
0.767 0 1 0 0 1 1
0.775 0 0 0 1 1 1
0.81 0 1 0 0 1 1
0.816 0 0 0 1 0 1
0.832 0 1 0 0 1 1
0.835 0 0 0 1 0 1
0.835 0 1 0 0 1 0
0.846 0 0 1 0 1 1
0.846 0 1 0 0 1 1
0.862 0 1 0 0 0 1
0.8735 1 0 0 1 0 0
0.8735 1 0 0 1 1 1
0.879 0 0 0 1 1 1
0.912 1 1 0 0 1 1
0.917 1 0 0 1 1 1
0.923 0 0 0 1 1 1
0.945 0 1 0 0 1 1
0.956 0 0 1 0 0 1
0.972 0 1 0 0 1 1
0.972 0 1 0 0 1 1
0.9745 1 1 0 0 1 1
0.986 0 0 0 1 0 1
0.991 0 0 0 1 1 1
0.999 0 0 0 1 1 1
0.999 0 1 0 0 0 0
0.999 0 1 0 0 1 1
0.999 1 0 0 1 1 1
0.999 1 1 0 0 1 0
0.9995 1 0 0 1 0 0
0.9995 1 0 0 1 1 1
1.002 0 0 0 1 1 1
1.002 0 0 0 1 1 1
1.002 0 1 0 0 1 1
1.002 0 1 0 0 1 1
1.002 0 1 0 0 1 1
1.002 1 1 0 0 0 0
1.035 0 0 1 0 1 0
1.035 0 1 0 0 0 1
1.038 0 1 0 0 1 0
1.038 0 1 0 0 1 1
1.0595 1 1 0 0 1 1
1.068 0 0 0 1 1 1
1.084 1 0 0 1 1 1
1.084 1 0 0 1 1 1
1.098 0 1 0 0 0 1
1.106 0 1 0 0 1 1
1.1075 1 0 1 0 1 1
1.114 0 0 1 0 1 1
1.117 0 0 0 1 1 1
1.1585 1 1 0 0 1 1
1.1635 1 1 0 0 1 0
1.1635 1 1 0 0 1 1
1.164 0 1 0 0 1 1
1.166 1 0 0 1 1 1
1.1665 1 0 0 1 1 1
1.1665 1 0 0 1 1 1
1.1665 1 0 1 0 0 0
1.1665 1 1 0 0 0 1
1.1665 1 1 0 0 1 0
1.169 0 1 0 0 0 1
1.199 1 0 0 1 1 1
1.2075 1 0 0 1 0 0
1.227 0 1 0 0 0 1
1.232 1 1 0 0 1 1
1.2485 1 1 0 0 1 1
1.251 1 0 0 1 1 1
1.254 1 1 0 0 1 1
1.257 0 1 0 0 1 1
1.259 0 1 0 0 0 1
1.29 0 1 0 0 1 0
1.2925 1 0 0 1 1 0
1.309 0 1 0 0 1 1
1.314 0 1 0 0 0 1
1.328 1 1 0 0 1 1
1.333 1 1 0 0 1 1
1.3335 1 0 0 1 1 1
1.336 1 0 0 1 1 1
1.336 1 0 1 0 1 1
1.336 1 1 0 0 0 0
1.342 0 1 0 0 1 0
1.363 0 1 0 0 0 1
1.369 0 1 0 0 1 1
1.407 0 1 0 0 1 1
1.41 0 1 0 0 1 0
1.413 0 1 0 0 1 1
1.415 0 0 0 1 1 1
1.4155 1 1 0 0 1 1
1.418 0 0 0 1 0 1
1.418 0 1 0 0 1 1
1.4345 1 0 0 1 1 1
1.448 0 1 0 0 1 1
1.4605 1 1 0 0 1 1
1.465 0 1 0 0 1 1
1.4865 1 0 0 1 1 0
1.492 0 1 0 0 0 1
1.498 0 0 0 1 1 1
1.498 1 0 1 0 1 1
1.503 0 0 0 1 0 1
1.503 1 0 0 1 1 1
1.503 1 1 0 0 1 1
1.506 0 0 0 1 0 0
1.511 1 1 0 0 1 1
1.5115 1 0 0 1 0 0
1.517 1 0 0 1 1 1
1.541 0 0 1 0 0 1
1.5445 1 1 0 0 1 1
1.563 0 1 0 0 0 0
1.574 0 0 0 1 1 1
1.5825 1 0 0 1 1 1
1.5825 1 1 0 0 1 0
1.588 1 0 1 0 1 1
1.591 1 0 1 0 1 1
1.6125 1 0 1 0 1 1
1.624 0 1 0 0 1 1
1.624 0 1 0 0 1 1
1.634 0 1 0 0 1 1
1.656 0 1 0 0 1 1
1.6645 1 0 1 0 1 1
1.665 0 0 0 1 0 0
1.665 1 0 1 0 1 1
1.673 1 0 0 1 1 1
1.684 0 1 0 0 1 1
1.697 0 0 0 1 1 1
1.714 0 0 0 1 1 1
1.7165 1 1 0 0 0 1
1.719 0 0 0 1 1 1
1.722 1 1 0 0 1 1
1.7275 1 1 0 0 1 1
1.728 0 1 0 0 0 1
1.733 0 0 0 1 0 1
1.7465 1 0 0 1 1 1
1.752 1 1 0 0 1 1
1.7605 1 1 0 0 1 1
1.763 0 1 0 0 1 0
1.777 0 1 0 0 1 1
1.791 0 0 0 1 1 1
1.793 0 1 0 0 1 1
1.799 0 1 0 0 1 1
1.804 0 0 0 1 1 1
1.807 0 1 0 0 1 1
1.812 0 0 0 1 0 1
1.818 1 1 0 0 1 1
1.823 0 0 1 0 1 1
1.8315 1 1 0 0 1 1
1.837 0 0 0 1 0 1
1.843 0 1 0 0 1 1
1.864 0 0 0 1 1 1
1.8645 1 1 0 0 1 1
1.878 0 1 0 0 1 1
1.897 0 1 0 0 0 1
1.906 0 1 0 0 0 0
1.911 0 1 0 0 0 1
1.9135 1 1 0 0 1 1
1.9165 1 0 0 1 1 1
1.93 1 0 1 0 1 1
1.9305 1 0 0 1 0 1
1.955 0 1 0 0 1 1
1.966 1 0 0 1 0 0
1.9985 1 1 0 0 0 0
1.9985 1 1 0 0 1 1
1.999 0 1 0 0 1 1
2.001 0 0 0 1 1 1
2.001 0 0 0 1 1 1
2.001 0 1 0 0 1 0
2.001 0 1 0 0 1 1
2.001 0 1 0 0 1 1
2.001 0 1 0 0 1 1
2.001 1 0 0 1 1 1
2.0015 1 0 0 1 1 1
2.0015 1 0 0 1 1 1
2.004 0 0 0 1 0 1
2.004 0 0 0 1 0 1
2.012 0 0 1 0 1 1
2.012 0 1 0 0 1 1
2.0205 1 0 0 1 1 0
2.04 0 0 0 1 1 1
2.042 0 0 0 1 1 1
2.045 0 1 0 0 0 1
2.0455 1 0 0 1 1 1
2.056 1 1 0 0 1 0
2.062 0 1 0 0 0 1
2.075 0 0 0 1 1 1
2.075 0 0 0 1 1 1
2.075 1 1 0 0 1 1
2.0805 1 1 0 0 1 1
2.0835 1 1 0 0 1 1
2.084 0 1 0 0 1 1
2.094 0 0 1 0 0 0
2.1275 1 0 0 1 0 0
2.1435 1 0 0 1 0 1
2.1625 1 1 0 0 0 1
2.1625 1 1 0 0 1 0
2.1655 1 0 0 1 0 0
2.1655 1 0 0 1 1 1
2.1655 1 0 1 0 1 1
2.1655 1 0 1 0 1 1
2.166 1 1 0 0 1 1
2.166 1 1 0 0 1 1
2.168 1 0 0 1 1 0
2.168 1 0 1 0 1 1
2.1685 1 1 0 0 1 1
2.171 0 1 0 0 0 0
2.171 1 0 0 1 1 1
2.1795 1 0 0 1 1 1
2.185 0 1 0 0 0 1
2.2125 1 0 0 1 1 1
2.245 0 0 0 1 1 1
2.245 1 1 0 0 0 1
2.248 1 0 0 1 1 1
2.2535 1 1 0 0 1 1
2.256 0 1 0 0 0 1
2.267 0 0 1 0 1 1
2.2775 1 0 0 1 0 1
2.286 0 1 0 0 0 1
2.289 0 0 1 0 0 1
2.305 0 1 0 0 0 1
2.305 0 1 0 0 1 1
2.3055 1 0 0 1 0 1
2.33 0 0 1 0 1 1
2.3355 1 0 0 1 1 1
2.3545 1 0 0 1 0 0
2.3795 1 1 0 0 1 1
2.4175 1 1 0 0 1 1
2.423 0 1 0 0 1 1
2.428 0 0 0 1 1 1
2.4555 1 0 0 1 1 0
2.472 0 1 0 0 1 1
2.475 0 0 0 1 1 1
2.475 0 1 0 0 0 1
2.4885 1 0 0 1 1 1
2.494 0 0 0 1 0 0
2.497 1 1 0 0 0 0
2.502 0 0 1 0 1 1
2.502 1 0 0 1 1 1
2.505 0 1 0 0 1 1
2.505 1 0 1 0 1 1
2.513 0 1 0 0 1 1
2.516 0 1 0 0 1 0
2.53 0 1 0 0 1 1
2.552 0 1 0 0 0 1
2.554 0 1 0 0 0 0
2.554 0 1 0 0 1 1
2.554 0 1 0 0 1 1
2.5545 1 0 0 1 0 1
2.568 0 0 1 0 1 0
2.576 0 1 0 0 1 1
2.5875 1 1 0 0 1 1
2.601 0 1 0 0 0 1
2.6095 1 0 0 1 1 1
2.6095 1 1 0 0 1 1
2.617 0 1 0 0 0 1
2.62 0 0 0 1 1 0
2.623 0 0 0 1 1 1
2.6285 1 1 0 0 0 0
2.634 0 1 0 0 1 1
2.634 0 1 0 0 1 1
2.637 0 1 0 0 1 1
2.6475 1 0 0 1 1 1
2.649 1 1 0 0 1 1
2.6585 1 1 0 0 0 1
2.6615 1 1 0 0 1 1
2.6635 1 0 0 1 0 1
2.664 0 0 0 1 0 0
2.664 1 1 0 0 1 0
2.6695 1 1 0 0 1 1
2.716 0 1 0 0 0 1
2.741 0 0 0 1 1 1
2.7485 1 0 0 1 1 1
2.749 0 1 0 0 0 1
2.757 0 1 0 0 1 1
2.757 0 1 0 0 1 1
2.776 1 1 0 0 1 1
2.779 0 0 0 1 0 1
2.79 0 0 1 0 1 1
2.801 1 0 0 1 0 0
2.805 1 0 0 1 1 1
2.8335 1 1 0 0 1 1
2.834 1 0 0 1 1 1
2.847 0 1 0 0 1 0
2.861 0 1 0 0 1 1
2.867 0 1 0 0 1 1
2.872 0 0 0 1 1 1
2.8935 1 1 0 0 0 1
2.897 0 1 0 0 1 1
2.9075 1 0 0 1 1 1
2.908 0 1 0 0 1 0
2.913 0 1 0 0 1 1
2.9155 1 0 0 1 0 0
2.9185 1 1 0 0 1 1
2.919 0 0 0 1 1 1
2.927 0 1 0 0 0 1
2.938 0 0 0 1 0 0
2.9625 1 0 0 1 1 0
2.971 0 0 0 1 0 1
2.973 0 0 0 1 1 1
2.973 0 1 0 0 1 1
2.976 0 0 0 1 1 1
2.982 0 0 0 1 1 1
2.9975 1 0 0 1 0 0
2.998 0 0 0 1 1 1
2.998 1 0 1 0 0 0
2.998 1 1 0 0 0 0
2.998 1 1 0 0 1 1
3.0005 1 0 0 1 1 1
3.0005 1 0 1 0 1 1
3.0005 1 1 0 0 0 0
3.0005 1 1 0 0 1 1
3.001 0 0 0 1 0 1
3.001 0 0 0 1 1 1
3.001 0 0 0 1 1 1
3.001 0 1 0 0 1 0
3.001 1 0 1 0 1 1
3.003 0 0 0 1 1 1
3.003 0 1 0 0 1 1
3.0035 1 0 0 1 1 1
3.014 0 0 1 0 1 1
3.017 0 1 0 0 1 1
3.02 0 0 0 1 1 1
3.044 0 1 0 0 0 0
3.072 0 0 1 0 1 1
3.08 1 0 0 1 0 0
3.083 1 0 0 1 1 1
3.083 1 1 0 0 1 0
3.083 1 1 0 0 1 1
3.0855 1 0 1 0 1 1
3.086 0 0 0 1 1 1
3.11 0 0 0 1 1 0
3.113 1 1 0 0 1 1
3.118 0 0 0 1 0 1
3.1235 1 0 0 1 1 1
3.129 0 0 1 0 0 1
3.1295 1 1 0 0 0 0
3.1295 1 1 0 0 0 0
3.146 0 1 0 0 0 1
3.1565 1 1 0 0 1 1
3.165 0 1 0 0 1 1
3.1665 1 0 0 1 1 0
3.168 0 1 0 0 1 1
3.17 0 1 0 0 0 1
3.17 1 0 0 1 1 0
3.173 0 0 1 0 0 1
3.173 0 1 0 0 0 1
3.203 0 1 0 0 0 1
3.2085 1 0 0 1 0 1
3.231 0 1 0 0 0 0
3.2495 1 1 0 0 1 1
3.2525 1 0 0 1 1 0
3.2525 1 1 0 0 1 1
3.253 0 0 0 1 1 1
3.253 0 1 0 0 1 1
3.255 0 1 0 0 1 1
3.261 0 1 0 0 0 0
3.2825 1 1 0 0 0 1
3.285 0 1 0 0 0 1
3.291 0 1 0 0 0 1
3.305 0 0 0 1 0 0
3.31 1 1 0 0 1 1
3.332 1 0 0 1 0 1
3.335 1 1 0 0 1 0
3.3375 1 1 0 0 0 1
3.351 0 1 0 0 0 1
3.376 0 1 0 0 1 1
3.379 0 0 0 1 0 0
3.4115 1 1 0 0 1 0
3.417 1 1 0 0 1 1
3.417 1 1 0 0 1 1
3.4195 1 1 0 0 1 1
3.42 1 0 0 1 1 1
3.425 0 0 0 1 1 1
3.447 0 0 0 1 1 1
3.4555 1 1 0 0 1 1
3.4605 1 1 0 0 1 1
3.483 0 1 0 0 1 1
3.4965 1 0 0 1 1 1
3.4965 1 1 0 0 1 1
3.4965 1 1 0 0 1 1
3.499 0 1 0 0 1 1
3.5 1 1 0 0 1 0
3.5015 1 0 0 1 1 1
3.5045 1 1 0 0 1 1
3.525 1 0 1 0 1 1
3.526 0 0 0 1 1 1
3.526 0 1 0 0 1 1
3.548 0 0 0 1 1 1
3.548 0 1 0 0 1 1
3.5485 1 1 0 0 1 0
3.551 0 1 0 0 1 1
3.559 0 0 0 1 1 1
3.565 0 1 0 0 1 1
3.581 1 0 1 0 1 1
3.584 1 1 0 0 1 1
3.606 0 0 0 1 1 1
3.606 0 1 0 0 1 1
3.63 0 1 0 0 0 0
3.636 0 0 0 1 1 1
3.639 0 0 0 1 1 1
3.666 1 1 0 0 0 0
3.669 0 0 0 1 1 0
3.669 0 1 0 0 1 1
3.6715 1 1 0 0 1 1
3.732 0 1 0 0 1 1
3.748 1 1 0 0 1 0
3.748 1 1 0 0 1 1
3.748 1 1 0 0 1 1
3.751 1 0 0 1 0 1
3.751 1 1 0 0 0 1
3.751 1 1 0 0 0 1
3.751 1 1 0 0 1 1
3.756 1 1 0 0 1 0
3.77 0 1 0 0 1 0
3.775 0 1 0 0 1 1
3.7755 1 1 0 0 1 1
3.808 0 0 0 1 0 1
3.811 0 0 1 0 1 1
3.817 0 0 0 1 1 1
3.8305 1 0 0 1 1 0
3.833 1 0 1 0 0 1
3.833 1 1 0 0 1 1
3.8355 1 1 0 0 0 0
3.838 0 0 1 0 1 1
3.8415 1 0 0 1 1 1
3.855 0 0 0 1 0 0
3.869 0 0 0 1 0 1
3.874 0 0 1 0 1 1
3.882 0 1 0 0 0 1
3.885 0 0 0 1 1 1
3.888 0 0 0 1 0 0
3.888 0 1 0 0 1 1
3.89 0 0 0 1 0 1
3.8985 1 1 0 0 1 1
3.904 0 1 0 0 1 1
3.912 0 0 0 1 1 1
3.918 0 1 0 0 1 1
3.918 1 1 0 0 1 1
3.921 1 1 0 0 1 1
3.923 0 1 0 0 0 1
3.97 0 1 0 0 0 1
3.984 0 1 0 0 1 1
3.995 0 0 1 0 1 1
4.0 0 0 0 1 0 1
4.0 0 1 0 0 0 1
4.0 0 1 0 0 1 0
4.0 0 1 0 0 1 1
4.0 0 1 0 0 1 1
4.0 1 0 0 1 0 0
4.0 1 1 0 0 0 0
4.0 1 1 0 0 1 1
4.0 1 1 0 0 1 1
4.0 1 1 0 0 1 1
4.0 1 1 0 0 1 1
4.003 0 0 0 1 1 0
4.003 0 0 0 1 1 1
4.003 0 0 1 0 1 1
4.003 0 1 0 0 0 1
4.016 0 1 0 0 1 1
4.022 1 1 0 0 0 1
4.0245 1 0 0 1 1 1
4.057 0 1 0 0 0 1
4.063 0 1 0 0 0 1
4.066 0 1 0 0 0 0
4.068 0 0 0 1 1 0
4.068 0 1 0 0 0 1
4.082 1 0 1 0 1 1
4.082 1 1 0 0 1 1
4.082 1 1 0 0 1 1
4.085 0 0 1 0 1 1
4.085 1 1 0 0 1 1
4.101 0 1 0 0 1 1
4.104 0 1 0 0 0 0
4.104 0 1 0 0 0 1
4.115 0 0 0 1 0 0
4.118 0 1 0 0 0 1
4.134 1 0 0 1 0 0
4.134 1 0 0 1 1 1
4.145 1 1 0 0 1 1
4.156 1 0 0 1 0 0
4.1615 1 0 0 1 0 0
4.162 0 1 0 0 1 1
4.164 0 1 0 0 1 0
4.1645 1 1 0 0 1 1
4.167 1 0 0 1 1 1
4.17 1 0 1 0 1 1
4.17 1 1 0 0 0 1
4.203 1 0 0 1 1 1
4.208 1 1 0 0 1 1
4.225 0 0 0 1 0 1
4.249 0 1 0 0 0 1
4.249 1 1 0 0 0 1
4.252 1 1 0 0 0 1
4.252 1 1 0 0 1 1
4.268 1 1 0 0 0 0
4.307 0 0 1 0 0 1
4.318 0 0 0 1 0 0
4.323 0 0 1 0 1 1
4.3285 1 0 0 1 1 1
4.331 0 0 0 1 1 1
4.331 1 1 0 0 1 1
4.334 1 1 0 0 1 1
4.337 1 0 0 1 1 1
4.337 1 1 0 0 1 1
4.359 0 1 0 0 0 0
4.372 0 0 0 1 0 1
4.419 1 0 0 1 1 1
4.419 1 1 0 0 1 1
4.4295 1 1 0 0 0 0
4.4325 1 1 0 0 1 1
4.4405 1 0 0 1 0 1
4.4435 1 0 0 1 1 1
4.454 0 1 0 0 0 1
4.457 0 1 0 0 1 0
4.4575 1 0 1 0 1 0
4.468 0 1 0 0 1 1
4.479 0 1 0 0 1 0
4.482 0 1 0 0 1 1
4.49 0 0 1 0 1 1
4.4955 1 0 0 1 1 0
4.4955 1 0 1 0 1 1
4.526 0 1 0 0 0 1
4.534 0 1 0 0 1 0
4.539 0 0 0 1 1 0
4.575 1 1 0 0 1 1
4.578 1 0 0 1 0 0
4.58 1 0 1 0 1 1
4.5805 1 1 0 0 1 1
4.586 1 1 0 0 1 1
4.589 1 1 0 0 0 1
4.594 0 0 0 1 1 1
4.594 0 1 0 0 1 1
4.6135 1 0 0 1 1 1
4.6595 1 1 0 0 0 0
4.6625 1 0 0 1 0 0
4.6625 1 1 0 0 0 1
4.665 1 0 0 1 1 1
4.665 1 1 0 0 1 1
4.668 1 1 0 0 1 1
4.668 1 1 0 0 1 1
4.671 1 0 0 1 1 1
4.679 0 0 1 0 1 1
4.6925 1 1 0 0 1 1
4.6955 1 1 0 0 0 1
4.704 1 1 0 0 1 1
4.706 0 1 0 0 1 1
4.72 0 0 0 1 1 1
4.72 0 0 1 0 1 0
4.7365 1 1 0 0 1 1
4.739 1 1 0 0 1 1
4.7475 1 1 0 0 0 0
4.756 0 1 0 0 1 1
4.758 0 0 0 1 1 1
4.758 0 0 1 0 1 1
4.775 0 1 0 0 1 1
4.783 0 0 1 0 1 1
4.789 0 0 0 1 1 1
4.794 0 0 1 0 1 1
4.832 1 0 0 1 0 1
4.832 1 1 0 0 0 1
4.835 0 1 0 0 1 1
4.838 0 0 0 1 1 1
4.838 0 0 1 0 1 1
4.843 0 1 0 0 1 1
4.843 0 1 0 0 1 1
4.865 0 1 0 0 1 1
4.9005 1 0 0 1 1 1
4.9145 1 0 0 1 1 1
4.9145 1 1 0 0 0 1
4.9145 1 1 0 0 1 1
4.92 0 0 0 1 0 1
4.92 0 0 0 1 1 1
4.928 0 1 0 0 1 1
4.934 0 0 0 1 1 1
4.942 0 1 0 0 0 0
4.958 0 1 0 0 0 1
4.9585 1 1 0 0 1 1
4.977 0 0 0 1 1 1
4.9885 1 0 1 0 1 1
4.994 0 1 0 0 1 1
4.999 1 0 0 1 1 1
4.9995 1 0 0 1 1 1
5.002 0 0 0 1 1 1
5.002 0 1 0 0 0 0
5.002 0 1 0 0 0 1
5.002 0 1 0 0 1 1
5.002 1 1 0 0 1 1
5.0025 1 0 0 1 1 1
5.0025 1 0 0 1 1 1
5.005 0 1 0 0 1 1
5.013 1 1 0 0 0 1
5.0155 1 1 0 0 1 0
5.029 0 1 0 0 1 1
5.032 0 0 0 1 1 1
5.032 1 1 0 0 0 0
5.038 0 0 1 0 1 1
5.038 0 1 0 0 1 0
5.038 0 1 0 0 1 1
5.0405 1 1 0 0 1 1
5.043 0 0 1 0 1 1
5.0475 1 1 0 0 1 1
5.081 1 1 0 0 1 1
5.084 1 1 0 0 1 1
5.09 0 0 1 0 1 1
5.12 0 0 1 0 1 1
5.15 0 0 0 1 1 1
5.1525 1 1 0 0 1 1
5.153 0 1 0 0 1 1
5.1635 1 1 0 0 1 0
5.166 1 1 0 0 1 1
5.169 1 0 0 1 0 1
5.191 1 1 0 0 0 1
5.1935 1 0 0 1 0 0
5.194 0 1 0 0 1 1
5.1965 1 0 0 1 1 1
5.2045 1 0 0 1 0 0
5.2075 1 1 0 0 1 1
5.2105 1 1 0 0 1 1
5.2125 1 1 0 0 1 0
5.2125 1 1 0 0 1 1
5.218 0 1 0 0 0 1
5.2215 1 0 1 0 1 1
5.235 0 1 0 0 1 1
5.246 0 1 0 0 1 1
5.2485 1 0 1 0 1 1
5.2485 1 1 0 0 1 1
5.251 1 1 0 0 1 1
5.254 0 1 0 0 1 1
5.266 1 1 0 0 1 1
5.328 0 1 0 0 1 1
5.331 0 1 0 0 1 0
5.3335 1 0 0 1 1 1
5.3335 1 1 0 0 0 1
5.339 1 1 0 0 0 0
5.339 1 1 0 0 1 0
5.372 0 1 0 0 0 0
5.383 0 1 0 0 1 0
5.418 1 1 0 0 1 0
5.4185 1 0 0 1 0 0
5.421 0 0 1 0 1 1
5.421 1 0 1 0 1 1
5.424 0 1 0 0 1 1
5.451 0 1 0 0 1 1
5.454 0 1 0 0 1 1
5.4975 1 0 0 1 1 1
5.4975 1 0 0 1 1 1
5.498 1 1 0 0 1 1
5.5 1 0 0 1 1 0
5.503 1 1 0 0 1 1
5.503 1 1 0 0 1 1
5.503 1 1 0 0 1 1
5.5085 1 1 0 0 1 0
5.509 0 0 0 1 0 1
5.5165 1 0 0 1 1 1
5.53 0 0 1 0 1 1
5.541 0 0 1 0 1 1
5.5605 1 0 0 1 1 1
5.569 0 1 0 0 1 1
5.577 0 1 0 0 0 1
5.58 0 1 0 0 1 0
5.5825 1 0 0 1 1 1
5.588 1 1 0 0 1 1
5.588 1 1 0 0 1 1
5.604 0 1 0 0 0 1
5.665 0 0 0 1 1 1
5.667 1 0 0 1 1 1
5.667 1 0 0 1 1 1
5.667 1 1 0 0 1 1
5.67 0 0 1 0 1 1
5.67 1 0 0 1 1 0
5.67 1 0 0 1 1 0
5.67 1 1 0 0 1 1
5.6755 1 0 1 0 0 0
5.684 0 0 0 1 1 1
5.692 1 0 1 0 1 1
5.695 0 1 0 0 1 1
5.708 0 0 0 1 1 1
5.711 0 0 0 1 1 1
5.717 0 1 0 0 1 1
5.717 0 1 0 0 1 1
5.733 1 1 0 0 0 1
5.747 1 1 0 0 1 1
5.7495 1 0 1 0 0 0
5.7495 1 1 0 0 0 1
5.7495 1 1 0 0 1 1
5.752 0 0 1 0 1 1
5.796 0 1 0 0 0 1
5.799 0 1 0 0 0 1
5.807 1 0 1 0 1 0
5.812 0 0 0 1 1 1
5.812 0 1 0 0 0 1
5.818 0 1 0 0 1 1
5.823 0 0 0 1 0 1
5.826 1 0 1 0 0 1
5.829 1 1 0 0 1 1
5.834 1 1 0 0 1 0
5.84 1 0 0 1 1 1
5.848 0 0 0 1 1 0
5.86 0 0 0 1 1 1
5.8755 1 0 0 1 1 1
5.8755 1 1 0 0 1 0
5.911 0 1 0 0 0 1
5.914 1 0 0 1 1 1
5.914 1 1 0 0 1 1
5.919 1 1 0 0 1 1
5.919 1 1 0 0 1 1
5.9195 1 1 0 0 1 1
5.944 0 1 0 0 0 0
5.9465 1 0 0 1 0 1
5.9575 1 1 0 0 1 1
5.96 0 1 0 0 1 1
5.9605 1 0 0 1 1 1
5.966 0 1 0 0 1 1
5.977 0 0 0 1 0 1
5.988 0 0 0 1 1 0
5.993 0 0 0 1 1 1
5.999 0 1 0 0 1 1
6.001 0 0 0 1 0 1
6.001 0 0 0 1 1 1
6.001 0 0 0 1 1 1
6.001 0 1 0 0 1 1
6.0015 1 0 0 1 1 0
6.0015 1 0 0 1 1 1
6.0015 1 0 0 1 1 1
6.0015 1 0 1 0 1 1
6.0015 1 1 0 0 1 1
6.0015 1 1 0 0 1 1
6.004 1 0 0 1 0 1
6.007 0 0 0 1 0 1
6.0165 1 1 0 0 1 1
6.0205 1 1 0 0 1 1
6.021 0 0 0 1 0 0
6.023 0 0 0 1 1 1
6.031 0 0 0 1 1 1
6.04 0 0 0 1 0 1
6.0455 1 0 1 0 1 1
6.048 0 1 0 0 1 1
6.062 0 0 1 0 1 1
6.0835 1 1 0 0 1 1
6.086 1 0 0 1 1 1
6.111 0 1 0 0 1 1
6.114 0 0 0 1 1 1
6.1305 1 0 0 1 0 0
6.136 0 0 0 1 0 1
6.146 0 1 0 0 0 1
6.152 0 0 1 0 1 1
6.157 0 0 0 1 1 0
6.1655 1 0 0 1 0 0
6.166 1 0 0 1 1 1
6.177 0 0 0 1 0 1
6.188 0 0 1 0 1 1
6.188 0 0 1 0 1 1
6.207 0 0 1 0 1 1
6.207 0 1 0 0 0 1
6.2095 1 1 0 0 1 1
6.234 0 0 1 0 1 0
6.248 1 0 0 1 1 1
6.2505 1 0 0 1 1 1
6.253 1 1 0 0 0 1
6.264 0 1 0 0 1 1
6.267 0 0 0 1 1 1
6.2725 1 1 0 0 1 1
6.278 0 1 0 0 1 1
6.278 0 1 0 0 1 1
6.283 0 0 0 1 1 1
6.2835 1 0 1 0 1 1
6.289 0 1 0 0 1 1
6.297 0 1 0 0 1 1
6.297 0 1 0 0 1 1
6.319 0 0 0 1 1 0
6.3325 1 1 0 0 1 0
6.338 1 1 0 0 1 1
6.344 0 0 0 1 0 1
6.36 0 1 0 0 1 1
6.382 0 0 0 1 1 1
6.382 1 1 0 0 0 1
6.385 1 0 0 1 1 1
6.39 1 1 0 0 1 1
6.396 0 0 0 1 0 1
6.407 0 1 0 0 1 1
6.409 0 1 0 0 1 1
6.4175 1 1 0 0 1 0
6.4205 1 1 0 0 1 0
6.442 0 0 0 1 1 1
6.4585 1 1 0 0 1 0
6.47 0 1 0 0 1 1
6.483 1 0 0 1 1 1
6.4835 1 0 1 0 1 1
6.486 1 0 1 0 0 1
6.497 1 0 0 1 1 1
6.497 1 1 0 0 1 1
6.497 1 1 0 0 1 1
6.4995 1 1 0 0 1 1
6.502 0 0 0 1 1 1
6.502 1 0 0 1 1 1
6.5025 1 1 0 0 1 1
6.505 1 1 0 0 1 1
6.524 0 0 1 0 0 1
6.527 0 1 0 0 0 1
6.552 1 0 1 0 1 1
6.5815 1 1 0 0 1 1
6.59 1 0 0 1 0 0
6.59 1 1 0 0 1 1
6.597 1 0 0 1 1 1
6.598 1 0 0 1 0 1
6.604 0 1 0 0 1 0
6.606 0 1 0 0 0 1
6.617 0 1 0 0 0 1
6.6255 1 0 0 1 1 0
6.634 1 1 0 0 1 1
6.653 0 0 0 1 0 1
6.653 0 0 0 1 0 1
6.653 0 1 0 0 1 0
6.653 1 1 0 0 1 1
6.661 0 1 0 0 1 1
6.664 1 0 0 1 0 0
6.664 1 0 0 1 1 1
6.664 1 1 0 0 1 1
6.672 0 1 0 0 1 1
6.675 1 0 0 1 1 1
6.6815 1 0 0 1 1 1
6.694 0 1 0 0 1 1
6.7 0 0 0 1 0 1
6.708 0 0 0 1 1 1
6.7295 1 0 0 1 0 1
6.735 0 1 0 0 1 1
6.738 1 1 0 0 1 1
6.743 0 1 0 0 0 1
6.7485 1 1 0 0 1 1
6.7515 1 1 0 0 1 1
6.754 1 0 0 1 1 1
6.768 0 1 0 0 1 1
6.776 1 1 0 0 1 1
6.7845 1 0 1 0 1 1
6.7895 1 0 1 0 0 0
6.795 0 0 0 1 1 1
6.795 0 1 0 0 1 1
6.801 1 0 0 1 1 1
6.8335 1 1 0 0 0 1
6.8335 1 1 0 0 1 0
6.834 1 0 0 1 0 1
6.8365 1 1 0 0 1 1
6.85 0 1 0 0 0 1
6.869 1 0 0 1 1 1
6.875 1 0 0 1 1 1
6.877 0 1 0 0 0 1
6.8805 1 0 1 0 1 1
6.886 0 0 0 1 1 0
6.886 0 1 0 0 0 1
6.888 0 0 0 1 0 1
6.897 0 0 0 1 1 1
6.913 0 0 1 0 1 1
6.9155 1 1 0 0 1 1
6.916 1 1 0 0 0 0
6.9185 1 1 0 0 1 0
6.9185 1 1 0 0 1 1
6.919 0 1 0 0 0 1
6.919 0 1 0 0 1 1
6.9265 1 1 0 0 1 1
6.935 0 1 0 0 0 1
6.954 1 1 0 0 0 0
6.9595 1 1 0 0 1 1
6.975 1 1 0 0 0 1
6.987 0 1 0 0 1 1
6.995 0 0 0 1 0 1
6.995 0 1 0 0 0 1
6.998 0 0 0 1 1 1
6.998 1 1 0 0 1 0
7.0005 1 0 0 1 1 1
7.0005 1 1 0 0 1 1
7.001 0 0 0 1 0 1
7.001 0 0 0 1 1 1
7.001 0 0 0 1 1 1
7.001 0 0 1 0 1 1
7.001 0 0 1 0 1 1
7.001 0 1 0 0 0 1
7.003 0 1 0 0 0 1
7.003 0 1 0 0 0 1
7.003 0 1 0 0 0 1
7.003 0 1 0 0 1 1
7.009 0 1 0 0 1 1
7.02 0 0 1 0 0 1
7.02 0 1 0 0 0 0
7.023 0 0 0 1 0 1
7.023 0 1 0 0 0 1
7.042 0 1 0 0 1 1
7.0445 1 1 0 0 1 1
7.0475 1 1 0 0 1 1
7.05 0 1 0 0 1 1
7.064 0 0 1 0 1 1
7.066 0 1 0 0 1 0
7.069 0 0 1 0 1 1
7.069 0 0 1 0 1 1
7.08 1 0 0 1 0 1
7.0825 1 1 0 0 1 1
7.086 0 1 0 0 0 0
7.091 1 0 0 1 1 1
7.097 0 0 0 1 0 1
7.1265 1 0 1 0 1 1
7.162 0 0 0 1 1 1
7.165 1 1 0 0 1 1
7.1675 1 1 0 0 0 1
7.1675 1 1 0 0 0 1
7.168 1 0 1 0 1 1
7.176 0 1 0 0 0 1
7.1895 1 0 0 1 1 1
7.198 0 1 0 0 1 1
7.2155 1 0 0 1 0 0
7.244 0 0 1 0 1 1
7.247 1 1 0 0 1 1
7.2495 1 1 0 0 1 1
7.25 1 1 0 0 1 1
7.258 1 0 1 0 1 0
7.266 0 0 0 1 1 1
7.269 0 1 0 0 0 1
7.2715 1 1 0 0 1 1
7.288 0 1 0 0 1 1
7.288 0 1 0 0 1 1
7.299 0 0 0 1 0 0
7.299 0 1 0 0 0 0
7.31 0 0 0 1 1 1
7.313 1 0 0 1 1 1
7.329 1 0 0 1 0 1
7.332 1 0 1 0 1 1
7.335 1 1 0 0 0 1
7.351 0 1 0 0 0 1
7.3595 1 1 0 0 0 0
7.368 0 1 0 0 1 1
7.3755 1 1 0 0 1 1
7.406 1 0 1 0 1 1
7.409 0 1 0 0 1 1
7.4115 1 1 0 0 1 1
7.417 1 1 0 0 1 1
7.42 1 1 0 0 1 1
7.4345 1 1 0 0 1 1
7.444 0 1 0 0 1 1
7.45 0 1 0 0 1 1
7.452 0 0 0 1 1 1
7.466 0 0 1 0 1 1
7.496 0 0 0 1 1 1
7.504 0 0 0 1 0 1
7.504 0 1 0 0 1 1
7.5045 1 1 0 0 1 1
7.51 0 1 0 0 1 1
7.5115 1 1 0 0 1 1
7.518 0 1 0 0 1 1
7.537 0 0 0 1 0 1
7.546 0 0 1 0 1 1
7.546 0 0 1 0 1 1
7.551 0 0 0 1 1 1
7.581 1 1 0 0 1 1
7.5815 1 0 0 1 1 1
7.584 0 1 0 0 1 1
7.592 0 0 0 1 0 1
7.595 0 1 0 0 1 1
7.5975 1 0 0 1 1 1
7.5975 1 1 0 0 1 0
7.6085 1 0 0 1 1 0
7.6335 1 1 0 0 0 1
7.647 0 0 1 0 1 1
7.655 0 0 0 1 0 1
7.6575 1 1 0 0 0 1
7.6595 1 0 0 1 1 1
7.663 0 1 0 0 1 1
7.6715 1 0 1 0 1 1
7.732 0 1 0 0 0 1
7.732 0 1 0 0 0 1
7.732 0 1 0 0 0 1
7.751 0 0 0 1 0 1
7.759 0 1 0 0 1 1
7.767 0 1 0 0 1 1
7.786 0 0 1 0 1 1
7.786 0 1 0 0 0 1
7.811 0 0 0 1 0 0
7.811 0 0 1 0 1 1
7.8195 1 1 0 0 0 1
7.828 0 0 1 0 1 1
7.83 0 1 0 0 1 1
7.838 0 1 0 0 1 1
7.8465 1 1 0 0 1 0
7.855 1 0 1 0 1 1
7.88 0 0 0 1 0 1
7.901 0 0 1 0 1 1
7.901 0 1 0 0 1 1
7.915 0 0 1 0 0 1
7.915 1 1 0 0 1 1
7.915 1 1 0 0 1 1
7.915 1 1 0 0 1 1
7.918 1 1 0 0 1 1
7.922 0 1 0 0 1 0
7.94 0 1 0 0 0 1
7.948 0 0 0 1 1 1
7.948 0 0 1 0 0 1
7.948 0 1 0 0 1 1
7.956 0 0 0 1 1 1
7.966 1 0 1 0 1 1
7.997 0 1 0 0 1 1
8.0 0 0 0 1 0 0
8.0 0 0 1 0 1 1
8.0 0 0 1 0 1 1
8.0 0 1 0 0 0 1
8.0 1 0 1 0 0 0
8.0 1 1 0 0 0 0
8.0 1 1 0 0 1 1
8.0 1 1 0 0 1 1
8.0025 1 1 0 0 0 0
8.003 0 1 0 0 1 0
8.003 0 1 0 0 1 1
8.041 1 1 0 0 1 1
8.0435 1 0 0 1 1 1
8.0435 1 1 0 0 1 1
8.049 1 0 0 1 1 1
8.063 0 0 0 1 1 1
8.085 1 1 0 0 1 1
8.104 0 1 0 0 0 1
8.11 0 0 1 0 1 1
8.14 0 0 0 1 0 1
8.14 0 0 0 1 1 1
8.1615 1 1 0 0 1 1
8.162 0 1 0 0 0 1
8.167 1 0 0 1 1 0
8.2135 1 0 0 1 1 1
8.225 0 1 0 0 0 1
8.227 0 1 0 0 1 1
8.246 1 0 0 1 1 1
8.249 1 1 0 0 1 1
8.252 1 1 0 0 1 1
8.26 1 1 0 0 1 1
8.271 1 1 0 0 0 1
8.274 0 1 0 0 0 1
8.2925 1 1 0 0 1 0
8.304 0 0 0 1 0 1
8.309 0 1 0 0 0 1
8.331 0 1 0 0 1 1
8.334 1 1 0 0 0 1
8.35 0 0 0 1 1 1
8.3615 1 1 0 0 1 1
8.383 1 1 0 0 0 1
8.3915 1 1 0 0 0 1
8.3995 1 1 0 0 1 0
8.419 1 1 0 0 1 0
8.427 1 0 0 1 0 1
8.435 0 1 0 0 0 1
8.468 0 1 0 0 1 1
8.485 0 0 0 1 0 1
8.493 0 0 0 1 1 0
8.4955 1 1 0 0 1 1
8.496 0 0 0 1 1 0
8.501 1 0 0 1 1 1
8.509 0 0 1 0 1 1
8.512 0 1 0 0 1 1
8.52 0 1 0 0 1 1
8.523 0 1 0 0 1 1
8.534 0 1 0 0 1 1
8.534 0 1 0 0 1 1
8.572 0 0 0 1 1 1
8.583 1 1 0 0 1 1
8.5855 1 0 1 0 0 1
8.608 0 1 0 0 0 1
8.613 0 0 1 0 1 1
8.616 0 0 0 1 1 1
8.616 0 1 0 0 1 1
8.616 1 0 0 1 0 0
8.6215 1 1 0 0 1 0
8.63 0 1 0 0 1 1
8.643 0 0 1 0 1 0
8.652 1 1 0 0 1 1
8.654 0 1 0 0 1 1
8.66 0 0 1 0 1 1
8.668 1 0 0 1 1 0
8.668 1 0 0 1 1 1
8.6845 1 1 0 0 1 1
8.7475 1 0 1 0 1 1
8.75 1 1 0 0 1 1
8.753 0 0 1 0 1 1
8.758 0 0 1 0 1 1
8.764 1 1 0 0 1 1
8.768 1 1 0 0 0 1
8.783 0 1 0 0 1 0
8.789 0 0 0 1 1 0
8.789 0 0 1 0 1 1
8.789 0 0 1 0 1 1
8.794 0 1 0 0 1 1
8.819 0 0 1 0 1 1
8.835 1 0 0 1 1 1
8.843 0 0 1 0 1 1
8.843 0 1 0 0 1 1
8.8435 1 1 0 0 1 1
8.887 0 0 1 0 0 1
8.893 0 0 0 1 1 1
8.893 0 0 1 0 1 0
8.901 0 0 0 1 1 0
8.9145 1 1 0 0 0 1
8.9145 1 1 0 0 1 1
8.917 1 1 0 0 1 1
8.917 1 1 0 0 1 1
8.92 0 0 1 0 1 1
8.92 1 1 0 0 1 1
8.942 0 1 0 0 1 0
8.945 0 1 0 0 1 1
8.953 0 1 0 0 1 1
8.9555 1 0 0 1 0 1
8.983 1 1 0 0 1 0
8.991 0 0 1 0 1 1
8.999 0 1 0 0 0 1
8.999 1 0 1 0 1 1
8.9995 1 0 1 0 1 1
9.002 0 0 0 1 1 1
9.002 0 0 0 1 1 1
9.002 0 0 0 1 1 1
9.002 0 1 0 0 1 1
9.005 0 0 0 1 0 1
9.0105 1 0 1 0 1 1
9.0105 1 1 0 0 1 1
9.016 0 1 0 0 1 1
9.024 1 0 0 1 1 0
9.029 0 0 1 0 1 1
9.038 0 0 0 1 1 1
9.084 1 1 0 0 1 1
9.0855 1 0 0 1 1 1
9.106 0 0 1 0 0 1
9.1085 1 0 0 1 1 0
9.128 1 0 0 1 1 1
9.128 1 0 1 0 1 1
9.139 0 1 0 0 1 1
9.142 0 0 0 1 0 1
9.142 0 1 0 0 1 1
9.158 0 1 0 0 1 1
9.1635 1 0 0 1 1 1
9.166 1 1 0 0 1 1
9.166 1 1 0 0 1 1
9.1665 1 0 0 1 1 1
9.1665 1 1 0 0 0 1
9.169 0 1 0 0 1 1
9.1715 1 0 0 1 1 1
9.213 0 1 0 0 1 1
9.231 1 0 0 1 1 1
9.246 0 1 0 0 0 1
9.254 0 0 0 1 0 1
9.259 0 1 0 0 1 1
9.27 0 0 0 1 1 1
9.3305 1 0 0 1 1 0
9.3305 1 1 0 0 0 0
9.3305 1 1 0 0 0 1
9.3335 1 0 0 1 1 0
9.3345 1 0 0 1 1 1
9.336 1 0 1 0 1 1
9.347 1 0 0 1 1 1
9.372 0 0 1 0 1 1
9.374 0 1 0 0 1 1
9.3745 1 1 0 0 1 1
9.405 0 1 0 0 0 1
9.413 0 0 0 1 0 1
9.413 1 1 0 0 0 1
9.4155 1 0 1 0 1 1
9.4155 1 0 1 0 1 1
9.421 1 1 0 0 0 1
9.437 0 0 0 1 1 1
9.437 0 1 0 0 1 1
9.44 0 1 0 0 1 1
9.465 1 0 0 1 1 1
9.48 1 0 0 1 0 1
9.495 1 0 0 1 1 1
9.5 0 1 0 0 1 1
9.5 1 1 0 0 1 0
9.509 0 1 0 0 0 0
9.517 0 1 0 0 1 1
9.555 0 0 1 0 1 1
9.555 0 0 1 0 1 1
9.555 0 1 0 0 0 1
9.563 0 1 0 0 1 1
9.5635 1 1 0 0 1 1
9.569 0 0 0 1 1 1
9.58 0 0 0 1 1 1
9.5825 1 1 0 0 1 1
9.591 0 1 0 0 0 1
9.591 0 1 0 0 0 1
9.618 1 0 1 0 1 1
9.624 0 0 0 1 0 0
9.626 0 0 0 1 0 0
9.651 0 1 0 0 1 1
9.6535 1 1 0 0 1 0
9.656 0 0 0 1 0 1
9.656 0 0 0 1 0 1
9.656 0 1 0 0 1 1
9.662 0 0 0 1 1 0
9.665 1 1 0 0 1 1
9.6945 1 1 0 0 1 1
9.719 0 0 1 0 0 1
9.7195 1 1 0 0 1 1
9.752 0 0 1 0 1 1
9.7575 1 1 0 0 1 1
9.7635 1 0 0 1 1 1
9.7745 1 1 0 0 1 1
9.796 0 1 0 0 1 1
9.8 0 0 0 1 1 0
9.81 0 0 1 0 1 1
9.81 0 1 0 0 1 1
9.818 0 1 0 0 1 1
9.821 0 1 0 0 0 0
9.829 0 1 0 0 1 1
9.862 0 0 0 1 1 1
9.862 0 1 0 0 1 1
9.873 0 0 0 1 1 0
9.873 0 1 0 0 1 1
9.8755 1 0 0 1 1 1
9.8795 1 1 0 0 1 1
9.897 0 0 1 0 1 1
9.897 0 1 0 0 0 1
9.9 1 0 0 1 0 1
9.9135 1 0 0 1 1 1
9.914 0 1 0 0 1 0
9.914 0 1 0 0 1 1
9.914 1 1 0 0 1 1
9.922 0 0 1 0 1 1
9.93 0 0 0 1 1 1
9.93 0 1 0 0 1 1
9.933 0 1 0 0 1 0
9.936 0 0 0 1 1 1
9.974 0 0 0 1 0 1
9.977 0 0 0 1 1 0
9.988 1 1 0 0 1 0
9.9985 1 0 0 1 1 0
9.999 0 0 0 1 0 1
9.999 0 1 0 0 1 1
9.999 0 1 0 0 1 1
9.999 1 0 1 0 1 1
9.999 1 0 1 0 1 1
10.001 0 0 0 1 0 0
10.001 0 0 0 1 0 0
10.001 0 0 0 1 1 0
10.001 0 1 0 0 1 1
10.004 0 1 0 0 1 1
10.012 0 1 0 0 0 0
10.012 1 0 0 1 1 1
10.0725 1 1 0 0 1 1
10.0835 1 1 0 0 1 1
10.086 1 0 1 0 1 1
10.086 1 1 0 0 1 1
10.0865 1 0 0 1 0 0
10.089 0 1 0 0 1 1
10.094 0 0 0 1 1 0
10.094 0 1 0 0 0 1
10.103 0 1 0 0 1 0
10.116 0 0 1 0 1 1
10.122 1 1 0 0 0 0
10.133 1 0 0 1 0 1
10.1655 1 1 0 0 1 1
10.166 0 0 0 1 1 0
10.166 1 1 0 0 1 1
10.168 1 1 0 0 0 1
10.168 1 1 0 0 1 1
10.179 0 1 0 0 0 1
10.179 0 1 0 0 1 1
10.182 0 0 0 1 1 1
10.2065 1 0 1 0 1 1
10.2125 1 1 0 0 0 0
10.245 1 0 0 1 1 1
10.2505 1 1 0 0 1 1
10.2505 1 1 0 0 1 1
10.253 1 0 0 1 1 0
10.256 0 0 0 1 0 0
10.305 1 0 0 1 1 1
10.311 0 0 0 1 1 1
10.333 0 0 0 1 0 0
10.338 1 1 0 0 1 1
10.338 1 1 0 0 1 1
10.352 0 1 0 0 0 1
10.36 0 1 0 0 1 1
10.3765 1 0 0 1 1 1
10.412 0 0 0 1 1 1
10.453 0 0 0 1 1 1
10.456 1 0 1 0 1 1
10.486 0 1 0 0 1 1
10.486 1 0 0 1 1 1
10.546 0 1 0 0 1 1
10.546 0 1 0 0 1 1
10.552 1 0 0 1 0 0
10.579 1 1 0 0 1 1
10.587 1 0 1 0 1 1
10.587 1 1 0 0 1 1
10.59 1 1 0 0 1 1
10.5955 1 0 0 1 1 1
10.626 0 0 1 0 1 0
10.6285 1 0 0 1 1 1
10.6355 1 0 0 1 0 0
10.653 0 1 0 0 1 1
10.653 0 1 0 0 1 1
10.664 0 0 0 1 1 0
10.664 1 1 0 0 1 1
10.6695 1 1 0 0 1 1
10.689 0 0 1 0 0 0
10.7 0 0 1 0 1 1
10.7105 1 0 0 1 1 0
10.743 0 0 1 0 1 1
10.749 1 0 1 0 1 1
10.752 0 0 1 0 1 1
10.793 0 1 0 0 1 1
10.806 0 0 1 0 1 1
10.809 0 0 0 1 1 1
10.831 0 1 0 0 1 1
10.858 0 1 0 0 0 1
10.872 1 1 0 0 1 1
10.872 1 1 0 0 1 1
10.894 0 0 0 1 0 0
10.913 0 0 1 0 1 1
10.9155 1 0 0 1 1 1
10.9155 1 1 0 0 1 1
10.916 0 1 0 0 1 0
10.919 0 1 0 0 1 1
10.932 1 1 0 0 0 1
10.9325 1 1 0 0 1 1
10.962 0 1 0 0 0 0
10.9625 1 1 0 0 1 1
10.965 0 1 0 0 0 0
10.9655 1 1 0 0 0 0
10.968 0 1 0 0 1 1
10.992 0 0 1 0 1 1
10.998 1 0 0 1 0 0
10.998 1 1 0 0 1 1
11.0005 1 0 0 1 1 0
11.001 0 1 0 0 0 0
11.001 0 1 0 0 1 1
11.001 1 1 0 0 1 1
11.017 0 1 0 0 0 0
11.028 0 1 0 0 0 0
11.028 1 0 0 1 0 0
11.028 1 1 0 0 0 1
11.034 0 1 0 0 0 1
11.047 0 0 1 0 1 1
11.047 0 1 0 0 1 1
11.053 0 1 0 0 1 1
11.061 0 1 0 0 1 1
11.069 0 1 0 0 0 1
11.0825 1 1 0 0 1 1
11.102 0 0 0 1 1 0
11.105 0 1 0 0 0 1
11.1075 1 0 0 1 1 0
11.159 0 0 1 0 1 1
11.165 0 0 0 1 1 1
11.1675 1 1 0 0 1 1
11.168 1 1 0 0 1 1
11.173 0 1 0 0 0 1
11.206 0 1 0 0 0 0
11.239 1 1 0 0 1 1
11.2495 1 1 0 0 1 1
11.2525 1 1 0 0 1 1
11.272 0 1 0 0 1 1
11.2885 1 1 0 0 1 0
11.291 1 1 0 0 1 1
11.296 1 0 0 1 1 1
11.303 1 0 0 1 1 1
11.324 0 0 0 1 1 1
11.332 1 1 0 0 1 1
11.335 1 0 0 1 1 0
11.335 1 1 0 0 0 1
11.3565 1 1 0 0 0 1
11.398 0 0 0 1 0 1
11.409 0 0 0 1 0 1
11.409 0 1 0 0 1 0
11.4115 1 0 0 1 1 0
11.414 0 1 0 0 0 1
11.42 0 1 0 0 1 1
11.433 0 1 0 0 0 1
11.436 0 0 0 1 1 1
11.444 0 1 0 0 1 1
11.455 0 1 0 0 1 1
11.477 1 1 0 0 0 0
11.502 0 0 0 1 1 0
11.502 0 0 0 1 1 1
11.502 0 0 0 1 1 1
11.502 1 1 0 0 1 1
11.532 0 1 0 0 1 1
11.5425 1 0 0 1 1 1
11.5425 1 1 0 0 1 1
11.546 0 0 0 1 0 0
11.546 0 1 0 0 0 1
11.551 0 1 0 0 0 1
11.551 0 1 0 0 1 0
11.581 1 1 0 0 0 1
11.584 0 0 1 0 1 1
11.587 0 0 1 0 1 1
11.606 0 0 0 1 1 1
11.6605 1 0 0 1 0 0
11.671 0 0 0 1 0 1
11.671 0 1 0 0 1 1
11.693 0 0 1 0 1 1
11.748 0 0 0 1 0 0
11.748 0 0 1 0 1 1
11.748 0 1 0 0 1 1
11.748 1 0 0 1 1 1
11.751 0 1 0 0 0 1
11.751 0 1 0 0 1 1
11.759 0 1 0 0 0 0
11.759 1 0 0 1 1 1
11.765 0 0 1 0 1 0
11.792 0 0 1 0 1 1
11.7945 1 1 0 0 0 0
11.833 0 1 0 0 1 1
11.841 0 0 0 1 1 0
11.847 0 1 0 0 0 1
11.86 0 1 0 0 1 1
11.866 0 1 0 0 1 0
11.88 0 1 0 0 1 1
11.896 0 1 0 0 1 1
11.8985 1 0 0 1 1 0
11.904 0 0 0 1 1 0
11.904 0 1 0 0 0 0
11.923 1 0 0 1 1 1
11.926 0 1 0 0 1 1
11.9455 1 0 0 1 1 0
11.9505 1 0 1 0 1 1
11.953 0 1 0 0 0 0
11.959 0 1 0 0 0 1
11.9645 1 0 0 1 0 1
11.978 0 1 0 0 0 1
11.992 0 1 0 0 1 1
12.0 0 0 0 1 0 1
12.0 0 0 0 1 1 1
12.0 0 0 0 1 1 1
12.0 0 0 0 1 1 1
12.0 0 1 0 0 1 1
12.0 0 1 0 0 1 1
12.0 0 1 0 0 1 1
12.0 0 1 0 0 1 1
12.0 1 1 0 0 0 0
12.044 0 0 0 1 1 1
12.085 1 0 0 1 1 0
12.085 1 1 0 0 1 1
12.0905 1 0 0 1 1 1
12.099 0 0 1 0 1 1
12.1205 1 0 0 1 1 1
12.142 0 0 1 0 1 1
12.167 0 1 0 0 0 1
12.172 0 1 0 0 1 1
12.172 0 1 0 0 1 1
12.178 1 1 0 0 1 1
12.183 0 1 0 0 1 1
12.192 0 1 0 0 0 0
12.2 0 1 0 0 1 1
12.219 1 0 0 1 0 1
12.233 0 1 0 0 1 1
12.235 0 0 0 1 1 1
12.241 0 1 0 0 1 1
12.263 0 1 0 0 1 0
12.2795 1 0 0 1 1 1
12.304 0 1 0 0 1 1
12.3285 1 0 0 1 0 0
12.419 1 1 0 0 1 1
12.4845 1 1 0 0 1 1
12.4955 1 1 0 0 1 0
12.4995 1 1 0 0 1 1
12.501 1 0 1 0 1 1
12.504 1 1 0 0 1 0
12.527 1 1 0 0 1 1
12.5515 1 1 0 0 0 1
12.553 1 1 0 0 0 0
12.572 0 1 0 0 0 0
12.578 1 1 0 0 1 1
12.586 1 0 1 0 1 1
12.597 0 1 0 0 1 1
12.602 0 1 0 0 0 0
12.649 0 0 1 0 1 1
12.654 0 1 0 0 0 1
12.665 0 1 0 0 1 1
12.668 1 1 0 0 1 1
12.671 1 1 0 0 0 0
12.687 0 0 1 0 0 0
12.723 0 1 0 0 1 1
12.726 0 1 0 0 0 0
12.731 1 1 0 0 1 0
12.739 0 0 1 0 1 1
12.747 0 0 0 1 1 0
12.753 0 1 0 0 1 1
12.769 0 0 0 1 1 1
12.794 0 1 0 0 1 1
12.816 0 0 1 0 0 1
12.8295 1 1 0 0 0 1
12.854 0 1 0 0 1 1
12.865 0 0 0 1 1 1
12.879 0 1 0 0 1 1
12.887 0 1 0 0 1 1
12.887 0 1 0 0 1 1
12.89 0 0 0 1 0 1
12.917 1 0 0 1 1 0
12.931 0 0 0 1 0 0
12.939 0 0 1 0 1 1
12.945 0 1 0 0 0 1
12.977 0 0 0 1 1 1
12.98 0 0 0 1 1 1
12.991 0 0 1 0 1 1
12.9915 1 1 0 0 1 1
12.999 0 0 0 1 0 1
12.999 0 0 0 1 0 1
12.999 0 0 0 1 1 1
12.999 0 0 0 1 1 1
12.999 0 0 0 1 1 1
12.999 0 0 0 1 1 1
12.999 0 1 0 0 1 1
12.999 1 0 0 1 1 1
13.002 0 0 0 1 0 0
13.002 1 0 0 1 0 1
13.029 0 1 0 0 1 1
13.032 0 1 0 0 0 1
13.051 0 1 0 0 1 1
13.057 0 1 0 0 1 1
13.06 0 0 0 1 0 1
13.06 0 1 0 0 0 1
13.079 0 0 0 1 0 1
13.084 1 0 0 1 1 1
13.1005 1 0 0 1 1 1
13.136 0 1 0 0 1 1
13.155 0 1 0 0 1 1
13.1665 1 0 0 1 1 1
13.173 0 1 0 0 1 0
13.194 0 1 0 0 1 1
13.196 0 0 1 0 1 1
13.2375 1 1 0 0 0 0
13.2485 1 0 1 0 1 1
13.2485 1 1 0 0 1 1
13.251 1 1 0 0 1 0
13.254 1 1 0 0 1 1
13.279 0 1 0 0 1 1
13.2925 1 0 1 0 1 1
13.295 1 0 0 1 0 0
13.314 0 1 0 0 1 1
13.333 0 0 0 1 1 1
13.372 0 1 0 0 1 0
13.383 0 1 0 0 0 1
13.415 0 1 0 0 0 1
13.418 1 1 0 0 1 1
13.421 0 1 0 0 1 1
13.435 0 0 0 1 1 1
13.437 0 0 1 0 1 1
13.437 0 0 1 0 1 1
13.446 0 0 0 1 0 0
13.446 0 1 0 0 0 0
13.4645 1 0 0 1 0 1
13.498 0 1 0 0 1 1
13.506 0 1 0 0 1 1
13.509 0 0 0 1 0 1
13.511 0 0 1 0 1 1
13.517 0 0 0 1 0 1
13.539 1 0 0 1 1 1
13.5795 1 1 0 0 1 1
13.58 1 0 1 0 1 1
13.5825 1 1 0 0 1 1
13.585 0 0 1 0 1 1
13.588 1 0 1 0 1 1
13.602 0 1 0 0 1 1
13.629 0 0 0 1 0 0
13.645 0 1 0 0 1 1
13.648 1 0 0 1 1 0
13.667 1 1 0 0 1 1
13.676 0 0 0 1 0 0
13.684 0 1 0 0 1 1
13.689 0 1 0 0 1 1
13.697 0 1 0 0 1 1
13.699 1 1 0 0 1 1
13.73 0 0 1 0 1 1
13.733 0 0 1 0 1 1
13.744 0 1 0 0 1 1
13.7505 1 1 0 0 1 1
13.763 0 0 0 1 0 1
13.807 0 0 1 0 1 1
13.821 0 1 0 0 1 1
13.821 0 1 0 0 1 1
13.834 1 0 0 1 1 1
13.8345 1 0 0 1 1 1
13.864 0 0 1 0 1 1
13.875 0 0 1 0 0 0
13.897 0 1 0 0 1 1
13.903 0 1 0 0 1 1
13.908 0 1 0 0 0 0
13.916 0 0 1 0 1 1
13.9195 1 1 0 0 1 0
13.922 0 1 0 0 1 1
13.927 0 0 0 1 1 1
13.933 0 0 1 0 1 1
13.933 0 1 0 0 1 1
13.969 0 1 0 0 1 1
13.974 0 1 0 0 0 0
13.974 1 0 1 0 1 1
13.993 0 1 0 0 1 1
13.996 0 1 0 0 1 1
13.999 0 0 0 1 0 0
13.999 0 0 0 1 1 1
13.999 0 0 0 1 1 1
13.999 0 0 0 1 1 1
13.999 0 0 0 1 1 1
13.999 0 0 1 0 1 1
13.999 0 1 0 0 1 0
13.999 0 1 0 0 1 1
14.001 0 0 0 1 1 1
14.001 0 1 0 0 0 0
14.001 0 1 0 0 1 1
14.001 0 1 0 0 1 1
14.012 0 0 0 1 1 1
14.0125 1 1 0 0 1 1
14.0315 1 0 0 1 1 1
14.04 1 0 0 1 0 0
14.051 0 1 0 0 1 1
14.052 0 1 0 0 1 1
14.059 1 0 0 1 1 1
14.067 0 0 0 1 1 1
14.067 0 0 0 1 1 1
14.0835 1 0 1 0 1 1
14.084 0 0 1 0 1 1
14.097 0 1 0 0 1 1
14.097 0 1 0 0 1 1
14.125 0 1 0 0 0 1
14.163 1 0 0 1 1 1
14.1655 1 1 0 0 1 1
14.168 1 1 0 0 1 1
14.172 0 0 0 1 0 0
14.196 0 1 0 0 1 1
14.198 0 0 1 0 1 1
14.2095 1 0 0 1 1 0
14.22 0 1 0 0 1 1
14.283 1 1 0 0 1 0
14.319 0 0 0 1 1 0
14.324 0 0 0 1 0 1
14.327 0 1 0 0 1 1
14.3495 1 0 0 1 1 1
14.3735 1 1 0 0 1 1
14.4145 1 1 0 0 1 1
14.428 0 1 0 0 1 1
14.4505 1 0 0 1 0 1
14.472 0 1 0 0 1 1
14.472 0 1 0 0 1 1
14.497 0 0 0 1 0 0
14.511 0 0 1 0 1 1
14.5325 1 0 0 1 0 0
14.535 0 0 0 1 0 0
14.565 0 0 0 1 1 1
14.576 0 1 0 0 1 1
14.582 0 0 0 1 1 0
14.587 1 0 0 1 0 0
14.601 1 1 0 0 1 1
14.631 0 0 1 0 0 1
14.638 1 1 0 0 1 1
14.6695 1 1 0 0 1 1
14.6695 1 1 0 0 1 1
14.683 0 1 0 0 1 1
14.7135 1 0 1 0 1 1
14.7325 1 0 1 0 1 1
14.743 0 1 0 0 0 1
14.743 0 1 0 0 1 1
14.746 0 0 0 1 1 1
14.746 0 1 0 0 1 1
14.749 0 0 0 1 1 1
14.749 1 1 0 0 1 1
14.749 1 1 0 0 1 1
14.757 0 1 0 0 1 1
14.762 0 1 0 0 1 0
14.768 0 0 1 0 1 1
14.768 0 0 1 0 1 1
14.7705 1 1 0 0 1 1
14.771 0 0 0 1 1 1
14.771 0 1 0 0 1 1
14.773 0 1 0 0 1 1
14.787 1 0 0 1 1 1
14.795 0 1 0 0 1 1
14.795 0 1 0 0 1 1
14.7955 1 0 0 1 1 1
14.817 0 0 0 1 1 0
14.817 0 1 0 0 1 1
14.834 1 0 0 1 1 0
14.8365 1 1 0 0 0 0
14.842 0 0 1 0 1 1
14.842 0 1 0 0 1 1
14.856 0 1 0 0 1 0
14.867 0 1 0 0 0 1
14.905 0 0 0 1 0 0
14.905 0 0 0 1 0 1
14.935 0 0 1 0 1 1
14.938 0 1 0 0 0 0
14.972 1 0 0 1 1 1
14.973 0 0 0 1 1 1
14.998 0 0 0 1 0 0
14.998 0 0 0 1 0 1
14.998 0 0 0 1 1 1
14.998 0 0 0 1 1 1
14.998 0 0 0 1 1 1
14.998 0 0 1 0 1 1
14.998 0 1 0 0 1 1
14.998 0 1 0 0 1 1
14.998 0 1 0 0 1 1
15.0005 1 0 0 1 0 0
15.001 0 0 0 1 1 1
15.001 0 1 0 0 1 1
15.002 1 1 0 0 1 1
15.003 0 0 1 0 1 1
15.0035 1 1 0 0 1 1
15.012 0 0 0 1 1 1
15.02 0 0 0 1 1 1
15.025 0 1 0 0 1 1
15.039 1 0 0 1 1 1
15.058 0 1 0 0 1 1
15.058 0 1 0 0 1 1
15.064 0 1 0 0 1 1
15.083 1 0 0 1 0 1
15.0855 1 0 0 1 1 0
15.116 0 1 0 0 1 1
15.132 0 1 0 0 1 1
15.162 0 1 0 0 1 1
15.165 1 0 1 0 1 1
15.17 0 1 0 0 1 1
15.195 0 1 0 0 0 0
15.217 0 1 0 0 0 1
15.218 0 1 0 0 1 1
15.247 0 1 0 0 0 1
15.25 1 1 0 0 1 1
15.2635 1 0 0 1 0 1
15.2885 1 1 0 0 1 1
15.302 0 0 0 1 1 1
15.3375 1 1 0 0 1 1
15.354 1 0 0 1 1 0
15.362 0 0 0 1 1 1
15.362 0 1 0 0 1 1
15.406 1 0 1 0 1 1
15.4195 1 1 0 0 1 0
15.422 0 1 0 0 1 1
15.433 0 1 0 0 1 0
15.444 0 1 0 0 1 1
15.537 0 1 0 0 0 0
15.54 0 1 0 0 1 0
15.54 0 1 0 0 1 1
15.5465 1 0 0 1 0 1
15.559 0 1 0 0 1 1
15.559 0 1 0 0 1 1
15.587 1 0 0 1 1 1
15.589 0 1 0 0 0 1
15.603 0 1 0 0 1 0
15.617 1 1 0 0 1 1
15.622 1 1 0 0 0 1
15.63 0 1 0 0 0 1
15.669 0 1 0 0 1 1
15.671 0 1 0 0 1 1
15.6715 1 1 0 0 1 1
15.6715 1 1 0 0 1 1
15.707 0 0 0 1 1 0
15.718 0 1 0 0 1 1
15.723 0 1 0 0 1 1
15.7355 1 0 0 1 1 1
15.7385 1 1 0 0 1 1
15.743 0 1 0 0 1 1
15.751 0 1 0 0 1 1
15.765 0 0 1 0 1 1
15.781 0 0 0 1 1 1
15.784 0 1 0 0 1 1
15.817 0 0 1 0 1 1
15.817 0 0 1 0 1 1
15.828 0 1 0 0 1 0
15.847 0 0 0 1 0 1
15.847 0 1 0 0 0 1
15.849 0 1 0 0 1 1
15.871 0 1 0 0 1 1
15.877 0 1 0 0 1 1
15.901 0 1 0 0 1 1
15.915 1 0 0 1 1 1
15.915 1 0 0 1 1 1
15.918 0 0 0 1 1 1
15.918 1 1 0 0 1 0
15.934 0 0 1 0 1 1
15.934 0 0 1 0 1 1
15.959 0 1 0 0 1 0
15.995 0 0 0 1 0 0
15.995 0 1 0 0 0 0
15.997 0 0 0 1 1 0
15.997 0 1 0 0 1 1
15.997 0 1 0 0 1 1
15.997 0 1 0 0 1 1
15.9975 1 1 0 0 1 1
16.0 0 0 0 1 1 0
16.0 0 1 0 0 1 1
16.0 0 1 0 0 1 1
16.0 1 1 0 0 1 0
16.003 0 1 0 0 0 0
16.005 0 1 0 0 1 0
16.016 0 1 0 0 1 1
16.057 0 1 0 0 0 1
16.082 1 0 1 0 1 1
16.093 0 1 0 0 0 0
16.096 0 1 0 0 1 1
16.096 0 1 0 0 1 1
16.104 0 1 0 0 1 1
16.156 0 0 0 1 0 1
16.17 1 0 0 1 1 1
16.17 1 0 1 0 1 1
16.194 0 1 0 0 1 1
16.203 0 0 0 1 0 1
16.205 0 0 0 1 0 1
16.216 0 1 0 0 0 0
16.216 0 1 0 0 0 0
16.219 1 0 0 1 1 1
16.227 0 1 0 0 1 1
16.249 0 1 0 0 1 1
16.252 0 0 0 1 1 1
16.252 1 1 0 0 1 1
16.293 1 1 0 0 1 1
16.2985 1 0 0 1 1 1
16.309 0 0 0 1 1 1
16.312 1 0 0 1 1 1
16.3175 1 1 0 0 0 0
16.329 0 1 0 0 1 1
16.331 0 1 0 0 1 1
16.3315 1 0 0 1 1 0
16.337 0 1 0 0 1 1
16.339 0 1 0 0 1 1
16.3465 1 0 0 1 1 1
16.397 0 1 0 0 0 0
16.419 0 0 0 1 1 0
16.434 1 0 0 1 0 1
16.438 0 0 0 1 1 1
16.444 0 1 0 0 1 0
16.504 0 1 0 0 1 1
16.504 1 1 0 0 1 1
16.504 1 1 0 0 1 1
16.583 0 0 0 1 1 0
16.586 1 1 0 0 0 0
16.605 0 1 0 0 1 1
16.6055 1 0 0 1 0 0
16.616 1 1 0 0 1 1
16.668 1 1 0 0 0 0
16.668 1 1 0 0 1 1
16.706 0 0 1 0 1 1
16.72 0 1 0 0 0 0
16.726 0 1 0 0 1 1
16.7285 1 0 0 1 1 0
16.7475 1 1 0 0 1 1
16.78 0 0 1 0 1 1
16.81 0 1 0 0 1 0
16.816 0 1 0 0 1 1
16.832 1 1 0 0 1 1
16.834 0 1 0 0 1 0
16.901 0 0 0 1 1 1
16.901 0 1 0 0 1 1
16.9145 1 0 0 1 1 0
16.934 0 1 0 0 0 1
16.9365 1 1 0 0 1 1
16.95 0 0 1 0 0 1
16.964 1 1 0 0 0 0
16.972 0 0 0 1 1 1
16.999 0 0 0 1 0 1
16.999 0 0 0 1 0 1
16.999 0 0 0 1 0 1
16.999 0 0 0 1 1 1
17.002 1 1 0 0 1 1
17.013 0 1 0 0 0 1
17.013 0 1 0 0 1 1
17.016 0 0 0 1 1 1
17.016 0 0 1 0 1 1
17.016 0 1 0 0 1 1
17.016 0 1 0 0 1 1
17.016 0 1 0 0 1 1
17.027 0 1 0 0 1 1
17.029 0 0 0 1 0 1
17.065 0 1 0 0 1 0
17.081 1 1 0 0 1 1
17.084 1 1 0 0 1 1
17.112 1 1 0 0 1 1
17.117 0 1 0 0 1 1
17.142 0 1 0 0 1 1
17.142 0 1 0 0 1 1
17.144 0 1 0 0 0 0
17.15 0 0 0 1 0 0
17.164 0 1 0 0 1 0
17.169 0 1 0 0 1 0
17.169 1 0 0 1 1 1
17.177 0 1 0 0 1 1
17.1965 1 0 0 1 0 1
17.2185 1 0 0 1 1 1
17.251 1 1 0 0 1 1
17.254 1 1 0 0 1 1
17.2895 1 1 0 0 1 1
17.292 0 1 0 0 1 1
17.331 0 1 0 0 1 1
17.333 0 0 0 1 1 1
17.363 0 1 0 0 0 1
17.3855 1 0 0 1 0 1
17.413 0 0 0 1 1 1
17.503 1 0 0 1 0 0
17.506 0 0 1 0 1 1
17.506 0 0 1 0 1 1
17.511 0 0 1 0 1 1
17.532 1 0 0 1 1 1
17.55 0 0 0 1 0 1
17.577 1 1 0 0 0 1
17.58 1 1 0 0 1 1
17.582 0 0 0 1 0 0
17.5825 1 1 0 0 0 1
17.585 0 0 0 1 1 1
17.591 0 0 1 0 1 1
17.6005 1 1 0 0 1 1
17.618 0 0 1 0 0 0
17.6265 1 0 0 1 1 0
17.643 0 1 0 0 1 1
17.643 0 1 0 0 1 1
17.67 0 1 0 0 1 1
17.689 0 1 0 0 1 1
17.706 0 1 0 0 1 1
17.722 0 1 0 0 1 1
17.7465 1 0 0 1 0 1
17.758 0 1 0 0 1 0
17.7765 1 1 0 0 0 1
17.777 0 1 0 0 0 1
17.793 0 1 0 0 1 1
17.81 0 1 0 0 1 1
17.823 0 1 0 0 1 1
17.845 0 0 1 0 1 0
17.848 0 1 0 0 1 1
17.87 0 0 0 1 0 0
17.889 0 1 0 0 1 1
17.892 0 0 0 1 0 0
17.906 0 0 0 1 1 1
17.93 0 1 0 0 0 1
17.947 0 0 1 0 1 1
17.947 0 0 1 0 1 1
17.947 0 1 0 0 1 1
17.952 1 0 0 1 0 0
17.969 0 1 0 0 1 1
17.999 0 0 0 1 0 1
17.999 0 0 0 1 1 1
17.999 0 0 0 1 1 1
17.999 0 0 1 0 1 1
17.999 0 1 0 0 1 0
17.999 0 1 0 0 1 1
18.001 0 1 0 0 1 1
18.01 0 0 0 1 1 1
18.018 0 1 0 0 1 1
18.023 0 0 0 1 1 1
18.064 0 1 0 0 1 1
18.086 0 1 0 0 1 1
18.086 0 1 0 0 1 1
18.086 1 0 1 0 1 1
18.097 0 1 0 0 1 1
18.122 1 1 0 0 1 1
18.127 0 1 0 0 1 1
18.144 0 1 0 0 1 1
18.157 0 0 1 0 1 1
18.16 0 1 0 0 0 1
18.163 0 1 0 0 1 1
18.166 0 0 1 0 1 1
18.179 0 1 0 0 1 1
18.204 0 0 0 1 1 1
18.212 0 1 0 0 1 0
18.215 0 0 0 1 0 1
18.237 0 1 0 0 1 1
18.237 0 1 0 0 1 1
18.283 0 0 1 0 1 1
18.3095 1 0 0 1 0 1
18.311 1 0 0 1 0 1
18.319 0 1 0 0 1 1
18.3355 1 1 0 0 1 1
18.338 0 0 0 1 1 0
18.338 0 1 0 0 1 1
18.338 1 0 0 1 1 1
18.349 0 0 1 0 1 1
18.349 0 0 1 0 1 1
18.374 0 0 0 1 0 0
18.374 0 0 0 1 0 1
18.374 0 1 0 0 1 0
18.374 0 1 0 0 1 1
18.3765 1 0 0 1 1 1
18.404 0 1 0 0 1 1
18.42 1 1 0 0 1 1
18.4585 1 0 0 1 0 0
18.505 0 0 0 1 1 1
18.519 0 1 0 0 1 1
18.5585 1 0 0 1 1 1
18.579 0 1 0 0 1 1
18.579 1 0 0 1 1 1
18.585 0 0 0 1 0 1
18.598 0 1 0 0 1 1
18.664 0 1 0 0 1 1
18.667 0 0 0 1 1 0
18.669 0 0 0 1 1 0
18.708 0 0 0 1 1 1
18.71 0 1 0 0 1 0
18.727 0 0 0 1 1 1
18.73 0 1 0 0 1 0
18.73 0 1 0 0 1 1
18.757 1 1 0 0 1 1
18.76 0 0 1 0 1 1
18.76 0 0 1 0 1 1
18.795 0 1 0 0 1 1
18.7955 1 0 0 1 1 0
18.804 0 0 1 0 1 1
18.809 0 1 0 0 1 1
18.82 0 0 0 1 1 0
18.823 0 1 0 0 0 1
18.825 0 1 0 0 0 0
18.858 0 1 0 0 1 1
18.864 0 0 0 1 1 1
18.875 0 1 0 0 1 1
18.902 0 0 1 0 1 1
18.905 1 0 0 1 0 0
18.9155 1 1 0 0 0 0
18.943 0 0 1 0 1 1
18.971 0 0 1 0 1 1
18.992 0 0 0 1 0 0
18.998 0 0 0 1 0 0
18.998 0 0 0 1 1 0
18.998 0 0 0 1 1 1
18.998 0 1 0 0 1 1
19.001 0 0 0 1 1 0
19.001 0 0 0 1 1 1
19.001 0 0 0 1 1 1
19.003 0 0 0 1 0 1
19.003 0 1 0 0 1 1
19.055 0 0 0 1 0 1
19.058 0 1 0 0 1 1
19.061 0 1 0 0 1 1
19.064 0 0 0 1 1 1
19.066 0 1 0 0 1 1
19.075 0 1 0 0 0 0
19.081 0 1 0 0 1 1
19.0825 1 0 1 0 1 1
19.0825 1 0 1 0 1 1
19.106 1 0 0 1 0 1
19.107 0 0 0 1 0 1
19.1075 1 1 0 0 1 1
19.146 0 0 1 0 1 1
19.165 1 0 1 0 1 1
19.168 0 0 1 0 1 1
19.173 0 1 0 0 1 1
19.1865 1 1 0 0 1 1
19.2525 1 0 0 1 1 1
19.2525 1 0 0 1 1 1
19.2775 1 0 0 1 0 0
19.283 0 0 0 1 1 1
19.285 0 0 0 1 1 0
19.291 1 1 0 0 1 1
19.332 0 0 0 1 1 0
19.347 1 0 0 1 1 1
19.37 0 1 0 0 0 1
19.409 0 1 0 0 0 1
19.414 1 1 0 0 1 1
19.42 1 1 0 0 1 1
19.425 0 1 0 0 1 1
19.441 0 1 0 0 1 1
19.499 1 0 0 1 1 1
19.54 1 0 0 1 1 0
19.554 0 1 0 0 0 0
19.559 0 0 0 1 1 1
19.576 0 1 0 0 1 1
19.611 0 0 0 1 0 1
19.6225 1 0 0 1 1 0
19.6715 1 0 1 0 1 1
19.682 0 1 0 0 1 1
19.748 0 0 0 1 0 1
19.759 1 1 0 0 1 1
19.789 1 0 0 1 1 0
19.7915 1 0 0 1 1 0
19.833 0 0 1 0 1 1
19.833 1 1 0 0 1 1
19.8575 1 0 0 1 1 1
19.877 0 1 0 0 1 1
19.88 0 0 0 1 0 1
19.896 0 1 0 0 1 0
19.9125 1 1 0 0 1 1
19.915 1 0 1 0 1 1
19.926 0 0 1 0 1 1
19.94 0 0 0 1 1 1
19.94 0 0 1 0 1 1
19.951 0 1 0 0 1 1
19.9535 1 0 0 1 1 1
19.975 0 1 0 0 0 0
19.995 0 1 0 0 1 0
19.997 0 1 0 0 1 1
19.997 0 1 0 0 1 1
19.997 0 1 0 0 1 1
20.0 0 0 0 1 0 1
20.0 0 0 0 1 1 0
20.0 0 0 0 1 1 0
20.0 0 0 0 1 1 1
20.0 0 1 0 0 0 1
20.0 0 1 0 0 1 1
20.0 0 1 0 0 1 1
20.0 1 0 1 0 1 1
20.0 1 1 0 0 1 1
20.022 0 0 1 0 1 1
20.03 1 1 0 0 1 1
20.041 0 0 0 1 0 1
20.041 0 0 0 1 1 0
20.0435 1 0 0 1 0 0
20.066 0 1 0 0 1 1
20.085 0 0 1 0 1 1
20.093 0 1 0 0 1 1
20.1095 1 0 0 1 1 1
20.112 0 1 0 0 0 0
20.12 0 0 1 0 1 0
20.1285 1 1 0 0 1 0
20.129 0 1 0 0 1 1
20.137 0 0 0 1 0 1
20.142 0 1 0 0 1 0
20.145 0 1 0 0 0 0
20.167 1 1 0 0 1 1
20.167 1 1 0 0 1 1
20.17 0 0 0 1 0 0
20.205 0 0 1 0 1 1
20.246 1 0 0 1 1 1
20.252 0 1 0 0 1 1
20.252 1 1 0 0 0 0
20.285 0 1 0 0 1 1
20.29 0 1 0 0 1 1
20.29 0 1 0 0 1 1
20.3285 1 0 0 1 1 0
20.3315 1 1 0 0 1 1
20.334 1 0 1 0 1 1
20.334 1 1 0 0 1 1
20.348 0 1 0 0 1 1
20.3645 1 1 0 0 1 1
20.381 0 0 1 0 1 1
20.419 1 1 0 0 1 1
20.424 0 1 0 0 1 1
20.463 1 1 0 0 1 1
20.504 0 1 0 0 1 1
20.504 0 1 0 0 1 1
20.515 0 0 0 1 0 1
20.5205 1 1 0 0 0 1
20.523 1 1 0 0 1 1
20.55 0 1 0 0 1 1
20.602 0 1 0 0 1 1
20.605 0 1 0 0 1 1
20.611 0 1 0 0 1 1
20.6245 1 0 0 1 1 0
20.654 0 0 1 0 1 1
20.665 0 0 1 0 1 1
20.684 0 0 0 1 1 0
20.69 0 1 0 0 0 1
20.723 1 0 0 1 0 0
20.7475 1 0 0 1 1 1
20.756 0 0 1 0 0 1
20.775 0 1 0 0 1 0
20.789 0 0 0 1 1 1
20.824 0 0 1 0 1 1
20.835 0 0 0 1 1 1
20.843 0 0 0 1 1 1
20.843 0 1 0 0 1 1
20.846 0 0 0 1 1 1
20.912 0 0 0 1 1 1
20.9175 1 0 0 1 1 1
20.923 0 1 0 0 1 1
20.925 0 0 1 0 1 1
20.942 0 0 0 1 1 1
20.991 0 1 0 0 1 0
20.999 0 0 0 1 1 1
20.999 0 0 0 1 1 1
20.999 0 1 0 0 0 1
20.999 0 1 0 0 1 1
20.999 1 1 0 0 1 1
21.002 1 0 1 0 1 1
21.0045 1 1 0 0 0 1
21.038 0 1 0 0 0 1
21.062 0 0 1 0 1 1
21.066 0 1 0 0 1 1
21.081 0 0 0 1 1 0
21.087 0 1 0 0 0 0
21.092 0 1 0 0 1 1
21.095 0 1 0 0 0 1
21.131 0 1 0 0 1 1
21.164 0 1 0 0 1 1
21.169 0 0 0 1 0 1
21.21 0 0 0 1 0 1
21.213 1 0 0 1 1 0
21.227 0 0 0 1 0 0
21.328 0 1 0 0 0 1
21.336 0 1 0 0 1 1
21.339 0 0 1 0 1 1
21.352 0 1 0 0 1 1
21.363 0 0 0 1 1 1
21.372 0 1 0 0 1 1
21.44 0 1 0 0 1 1
21.467 0 1 0 0 1 1
21.467 0 1 0 0 1 1
21.498 1 0 0 1 0 1
21.561 0 1 0 0 1 1
21.5825 1 1 0 0 1 1
21.584 1 0 0 1 0 0
21.591 0 0 1 0 1 1
21.591 1 0 1 0 1 1
21.591 1 1 0 0 1 1
21.593 0 1 0 0 0 1
21.6265 1 0 0 1 1 0
21.648 0 0 0 1 1 1
21.651 0 0 1 0 1 1
21.665 1 1 0 0 1 1
21.6785 1 0 0 1 1 1
21.7 0 1 0 0 0 0
21.706 0 1 0 0 1 1
21.722 0 0 0 1 1 0
21.736 0 1 0 0 1 1
21.741 0 1 0 0 1 1
21.7465 1 0 1 0 1 1
21.774 1 0 0 1 0 0
21.804 0 0 1 0 1 1
21.821 0 0 0 1 0 1
21.829 0 0 1 0 1 1
21.832 0 1 0 0 1 1
21.903 0 0 1 0 1 1
21.914 0 1 0 0 1 1
21.914 1 1 0 0 0 0
21.919 1 0 1 0 1 1
21.93 0 1 0 0 1 0
21.9315 1 0 0 1 1 1
21.949 0 1 0 0 1 1
21.952 0 0 1 0 1 0
21.999 0 0 0 1 0 0
21.999 0 0 0 1 0 0
21.999 0 1 0 0 0 1
21.999 0 1 0 0 1 0
21.999 0 1 0 0 1 1
21.999 0 1 0 0 1 1
22.001 0 0 0 1 1 1
22.001 0 0 1 0 1 1
22.001 0 1 0 0 1 1
22.015 0 0 0 1 0 1
22.0805 1 0 0 1 0 1
22.119 0 1 0 0 1 1
22.138 0 1 0 0 1 1
22.1625 1 1 0 0 1 1
22.242 0 1 0 0 1 1
22.256 0 0 0 1 1 1
22.305 0 1 0 0 1 1
22.322 0 0 0 1 1 1
22.346 0 0 0 1 1 1
22.355 0 0 0 1 1 1
22.376 0 0 0 1 0 1
22.376 0 1 0 0 1 1
22.401 0 0 1 0 1 1
22.4015 1 0 0 1 0 0
22.404 0 0 0 1 1 1
22.418 0 0 0 1 1 1
22.423 1 1 0 0 1 0
22.428 0 0 0 1 0 1
22.442 1 1 0 0 1 1
22.453 1 1 0 0 1 1
22.467 0 1 0 0 1 1
22.47 0 0 0 1 1 0
22.475 0 0 1 0 1 1
22.497 1 0 0 1 0 0
22.4995 1 0 0 1 0 1
22.4995 1 1 0 0 0 1
22.5 1 1 0 0 1 1
22.502 0 0 1 0 1 1
22.502 0 1 0 0 0 0
22.523 1 0 0 1 1 1
22.563 0 0 0 1 0 1
22.565 0 0 0 1 1 0
22.579 0 0 1 0 1 1
22.582 1 0 0 1 1 0
22.617 0 1 0 0 1 1
22.6245 1 0 0 1 1 1
22.6555 1 0 0 1 0 1
22.656 0 0 0 1 1 1
22.664 0 0 1 0 1 1
22.667 0 0 1 0 1 1
22.686 0 0 1 0 1 1
22.697 0 1 0 0 1 1
22.7185 1 1 0 0 1 1
22.719 0 0 1 0 1 1
22.749 0 1 0 0 1 0
22.765 0 1 0 0 1 1
22.782 0 1 0 0 1 1
22.7995 1 0 0 1 0 1
22.831 0 0 0 1 1 1
22.831 0 1 0 0 1 1
22.858 0 0 0 1 1 0
22.867 0 0 0 1 0 0
22.919 0 0 1 0 1 1
22.93 0 1 0 0 0 1
22.935 0 0 0 1 1 1
22.946 0 0 0 1 0 1
22.973 0 1 0 0 0 0
22.976 0 0 1 0 0 1
22.982 0 0 0 1 1 1
22.992 0 1 0 0 1 1
22.998 0 0 0 1 1 0
22.998 0 0 0 1 1 1
22.998 0 1 0 0 1 1
23.0005 1 1 0 0 1 1
23.001 0 0 1 0 1 1
23.001 1 0 0 1 1 0
23.0195 1 1 0 0 1 0
23.034 0 1 0 0 1 1
23.042 0 1 0 0 1 1
23.075 0 1 0 0 1 1
23.0855 1 1 0 0 1 1
23.116 0 0 0 1 0 0
23.116 0 1 0 0 1 0
23.17 1 0 0 1 1 0
23.227 1 0 0 1 0 1
23.231 0 0 0 1 0 0
23.2935 1 0 0 1 1 0
23.299 0 1 0 0 1 1
23.348 0 0 0 1 1 1
23.351 0 1 0 0 1 1
23.376 0 0 1 0 1 1
23.4 0 1 0 0 1 1
23.411 0 0 0 1 1 1
23.414 0 0 1 0 1 1
23.414 0 1 0 0 1 1
23.422 0 0 0 1 1 1
23.428 1 0 0 1 1 1
23.45 0 0 1 0 1 1
23.458 0 0 0 1 1 1
23.469 0 1 0 0 1 1
23.474 0 0 0 1 0 0
23.488 0 1 0 0 0 1
23.496 0 0 1 0 1 1
23.496 0 1 0 0 1 1
23.499 1 1 0 0 0 1
23.565 0 1 0 0 1 1
23.578 0 1 0 0 1 1
23.578 0 1 0 0 1 1
23.619 0 1 0 0 1 1
23.639 0 1 0 0 1 1
23.641 0 0 0 1 1 1
23.655 1 0 1 0 1 1
23.702 0 1 0 0 1 1
23.732 1 1 0 0 1 1
23.7455 1 1 0 0 1 1
23.7505 1 0 0 1 1 1
23.754 0 1 0 0 1 1
23.786 0 1 0 0 0 1
23.8305 1 1 0 0 1 1
23.915 0 1 0 0 1 1
23.918 0 0 0 1 1 0
23.951 0 0 0 1 0 1
23.951 0 0 1 0 1 1
23.951 0 0 1 0 1 1
24.0 0 0 0 1 1 0
24.0 0 0 0 1 1 1
24.0 0 0 0 1 1 1
24.0 0 0 0 1 1 1
24.0 0 0 1 0 1 1
24.0 0 0 1 0 1 1
24.0 0 1 0 0 0 1
24.0 0 1 0 0 1 0
24.003 0 1 0 0 1 1
24.016 0 0 0 1 1 1
24.025 0 1 0 0 1 1
24.025 0 1 0 0 1 1
24.027 0 1 0 0 1 1
24.027 1 1 0 0 1 1
24.03 0 0 1 0 1 1
24.038 0 0 0 1 0 1
24.044 0 1 0 0 1 1
24.0465 1 0 0 1 0 1
24.082 0 1 0 0 1 0
24.129 0 0 1 0 0 0
24.142 0 0 1 0 1 1
24.153 0 1 0 0 1 1
24.153 0 1 0 0 1 1
24.249 0 0 0 1 1 0
24.26 0 0 0 1 0 1
24.334 0 0 0 1 1 0
24.334 1 0 0 1 0 0
24.4035 1 0 0 1 1 1
24.413 0 1 0 0 1 1
24.431 1 1 0 0 1 1
24.4435 1 0 0 1 1 1
24.446 1 1 0 0 1 1
24.526 0 0 0 1 1 1
24.58 0 1 0 0 1 1
24.586 0 1 0 0 1 1
24.611 1 0 0 1 0 0
24.641 0 1 0 0 1 1
24.646 0 1 0 0 1 1
24.663 0 0 0 1 1 0
24.671 0 0 0 1 1 1
24.723 0 1 0 0 1 1
24.723 0 1 0 0 1 1
24.726 0 1 0 0 1 1
24.726 0 1 0 0 1 1
24.726 0 1 0 0 1 1
24.747 0 0 1 0 1 1
24.794 1 0 0 1 1 1
24.819 0 1 0 0 1 1
24.832 0 0 0 1 1 1
24.8325 1 0 1 0 1 1
24.846 1 0 1 0 1 1
24.876 0 0 1 0 1 1
24.887 1 1 0 0 1 1
24.917 0 0 0 1 1 0
24.917 0 1 0 0 0 1
24.931 0 0 1 0 1 1
24.961 0 0 0 1 0 0
24.994 0 1 0 0 0 1
24.999 0 0 0 1 0 1
24.999 0 0 0 1 0 1
24.999 0 0 0 1 0 1
24.999 0 0 0 1 0 1
24.999 0 0 0 1 1 1
24.999 0 0 0 1 1 1
24.999 0 0 0 1 1 1
24.999 0 0 0 1 1 1
24.999 0 1 0 0 0 0
24.999 0 1 0 0 0 1
24.999 0 1 0 0 1 0
24.999 0 1 0 0 1 1
24.999 0 1 0 0 1 1
24.999 0 1 0 0 1 1
24.999 0 1 0 0 1 1
24.999 1 0 0 1 1 0
24.9995 1 0 0 1 1 0
24.9995 1 1 0 0 0 0
25.01 0 0 0 1 1 1
25.013 0 1 0 0 1 1
25.018 0 0 0 1 1 1
25.027 0 0 1 0 1 1
25.065 1 0 0 1 1 1
25.073 0 0 1 0 1 1
25.084 0 1 0 0 1 1
25.087 0 0 0 1 1 1
25.106 0 1 0 0 1 1
25.123 0 0 0 1 1 0
25.166 0 0 0 1 0 0
25.166 0 0 0 1 1 0
25.166 0 1 0 0 1 1
25.169 1 0 1 0 0 0
25.169 1 0 1 0 1 1
25.187 1 0 0 1 1 1
25.194 0 1 0 0 1 1
25.221 0 1 0 0 1 1
25.279 0 1 0 0 1 1
25.309 0 0 0 1 0 1
25.35 0 1 0 0 1 1
25.352 0 1 0 0 1 0
25.366 0 1 0 0 1 0
25.405 0 1 0 0 1 1
25.405 0 1 0 0 1 1
25.4125 1 0 0 1 1 1
25.4235 1 0 0 1 1 1
25.435 0 0 1 0 1 1
25.435 0 0 1 0 1 1
25.47 0 1 0 0 1 1
25.555 0 0 1 0 1 1
25.572 0 0 1 0 1 0
25.588 0 1 0 0 1 1
25.6235 1 0 1 0 1 1
25.667 1 1 0 0 1 1
25.696 1 1 0 0 1 1
25.718 1 0 0 1 0 1
25.722 0 1 0 0 1 1
25.7495 1 0 0 1 1 1
25.7495 1 1 0 0 1 1
25.752 0 1 0 0 1 1
25.774 0 1 0 0 1 1
25.8015 1 1 0 0 1 1
25.818 0 1 0 0 1 1
25.8315 1 0 0 1 1 1
25.886 0 0 1 0 1 1
25.886 0 1 0 0 1 1
25.892 0 1 0 0 1 1
25.916 0 0 0 1 1 0
25.916 0 0 1 0 1 1
25.955 1 0 0 1 1 1
25.958 0 1 0 0 1 1
25.999 0 0 0 1 0 1
25.999 0 0 0 1 1 1
25.999 0 0 0 1 1 1
25.999 0 1 0 0 0 1
25.999 0 1 0 0 1 1
26.001 0 0 0 1 0 1
26.001 0 0 0 1 1 0
26.001 0 0 0 1 1 1
26.015 0 0 0 1 1 1
26.103 0 1 0 0 1 1
26.111 0 0 0 1 0 1
26.138 0 1 0 0 0 1
26.144 0 1 0 0 1 1
26.196 0 0 1 0 1 1
26.22 0 1 0 0 1 0
26.272 0 0 0 1 0 0
26.272 0 0 0 1 1 0
26.278 0 1 0 0 1 1
26.308 0 1 0 0 1 0
26.311 0 0 0 1 0 0
26.3765 1 0 0 1 1 0
26.42 0 0 1 0 1 1
26.42 0 1 0 0 1 1
26.48 0 0 0 1 1 0
26.497 0 1 0 0 1 1
26.497 1 0 0 1 1 0
26.511 0 0 0 1 0 0
26.5245 1 1 0 0 1 1
26.527 0 1 0 0 1 1
26.554 0 1 0 0 1 1
26.554 0 1 0 0 1 1
26.582 0 0 0 1 1 0
26.604 0 0 1 0 1 1
26.612 0 0 0 1 0 1
26.623 0 1 0 0 1 1
26.664 0 1 0 0 0 0
26.667 0 1 0 0 1 1
26.762 0 1 0 0 1 1
26.771 0 1 0 0 1 1
26.8335 1 1 0 0 1 1
26.877 0 0 0 1 1 1
26.8885 1 0 0 1 1 0
26.971 0 0 0 1 1 1
26.976 0 1 0 0 0 0
26.976 0 1 0 0 1 0
26.998 0 0 0 1 1 1
26.998 0 1 0 0 1 1
26.998 0 1 0 0 1 1
27.001 0 0 0 1 1 1
27.001 0 1 0 0 1 1
27.009 0 0 0 1 1 1
27.023 0 1 0 0 1 1
27.0825 1 0 1 0 1 1
27.1675 1 1 0 0 0 1
27.168 0 1 0 0 1 1
27.201 0 0 0 1 1 1
27.253 0 0 0 1 0 0
27.264 0 0 0 1 1 0
27.335 0 1 0 0 1 1
27.343 0 1 0 0 1 1
27.381 0 1 0 0 1 1
27.406 0 0 0 1 1 1
27.409 0 1 0 0 1 1
27.42 0 0 1 0 1 1
27.42 1 0 0 1 1 1
27.4275 1 1 0 0 1 1
27.441 0 1 0 0 0 0
27.47 1 1 0 0 1 1
27.477 0 0 0 1 1 1
27.496 0 0 0 1 1 1
27.499 0 0 0 1 0 0
27.499 1 0 0 1 1 1
27.499 1 0 0 1 1 1
27.529 0 0 0 1 0 1
27.581 0 1 0 0 1 1
27.6345 1 0 0 1 0 1
27.789 0 0 1 0 1 1
27.817 0 0 0 1 1 1
27.86 0 0 0 1 0 0
27.86 0 0 0 1 1 1
27.88 0 0 0 1 0 0
27.918 1 0 0 1 1 1
27.937 0 0 1 0 1 1
27.967 0 0 0 1 1 0
27.97 0 1 0 0 1 1
27.992 0 0 1 0 1 1
27.997 0 0 0 1 1 1
27.997 0 1 0 0 1 1
28.0 0 0 0 1 0 0
28.0 0 0 0 1 1 0
28.0 0 0 0 1 1 0
28.0 0 0 0 1 1 1
28.0 0 0 1 0 1 1
28.008 0 1 0 0 1 1
28.074 0 0 1 0 1 1
28.0875 1 0 0 1 1 1
28.112 0 1 0 0 1 1
28.1245 1 0 0 1 0 1
28.14 0 1 0 0 1 1
28.151 0 1 0 0 1 1
28.17 0 0 1 0 1 1
28.249 1 1 0 0 1 1
28.252 0 1 0 0 1 1
28.342 0 1 0 0 0 0
28.37 0 1 0 0 1 0
28.419 0 0 0 1 0 0
28.49 0 1 0 0 1 1
28.4985 1 1 0 0 0 1
28.501 0 1 0 0 1 0
28.501 0 1 0 0 1 1
28.679 0 0 0 1 1 0
28.738 1 1 0 0 1 1
28.775 0 0 1 0 1 1
28.78 0 0 1 0 1 1
28.8025 1 0 0 1 1 1
28.882 0 0 0 1 0 0
28.936 0 1 0 0 1 1
28.9365 1 0 0 1 1 0
28.997 0 0 0 1 1 1
28.999 0 0 0 1 1 1
28.999 0 0 0 1 1 1
28.999 0 0 1 0 0 1
28.999 0 1 0 0 1 1
29.07 0 0 1 0 1 1
29.07 0 0 1 0 1 1
29.077 0 1 0 0 0 1
29.0815 1 1 0 0 1 1
29.1635 1 1 0 0 0 0
29.218 0 1 0 0 1 1
29.229 0 1 0 0 1 1
29.246 0 0 0 1 1 1
29.254 1 1 0 0 1 1
29.35 0 1 0 0 1 1
29.355 0 1 0 0 1 1
29.366 0 1 0 0 1 1
29.4125 1 0 0 1 0 0
29.451 0 0 0 1 0 0
29.478 0 0 0 1 0 1
29.634 0 0 1 0 1 1
29.7275 1 0 1 0 1 1
29.771 0 1 0 0 1 1
29.7875 1 1 0 0 1 1
29.823 0 1 0 0 1 1
29.914 0 0 1 0 1 1
29.944 0 0 0 1 1 1
29.971 0 1 0 0 1 1
29.982 0 1 0 0 1 1
29.982 0 1 0 0 1 1
29.9985 1 0 0 1 1 0
29.999 0 0 0 1 0 0
29.999 0 0 0 1 1 0
29.999 0 0 0 1 1 1
29.999 0 0 0 1 1 1
29.999 0 1 0 0 1 1
29.999 0 1 0 0 1 1
30.001 0 0 1 0 1 1
30.018 0 1 0 0 1 0
30.081 0 0 0 1 1 1
30.094 0 0 0 1 0 1
30.1655 1 1 0 0 1 1
30.166 0 0 0 1 1 1
30.185 0 1 0 0 1 1
30.2475 1 1 0 0 1 1
30.251 0 0 1 0 1 1
30.275 0 1 0 0 1 1
30.335 0 1 0 0 1 1
30.415 0 1 0 0 1 1
30.5285 1 0 0 1 0 0
30.546 0 1 0 0 1 1
30.653 1 0 1 0 1 1
30.7255 1 0 0 1 1 1
30.738 0 0 0 1 1 1
30.749 0 0 0 1 1 1
30.773 0 0 1 0 1 1
30.773 0 1 0 0 1 1
30.828 0 1 0 0 1 1
30.861 0 0 0 1 1 0
30.88 0 1 0 0 1 0
30.91 0 1 0 0 0 0
30.913 0 1 0 0 1 1
30.916 0 0 0 1 1 1
30.93 0 1 0 0 1 1
30.96 0 0 0 1 0 1
30.992 0 0 0 1 0 1
30.998 0 0 0 1 1 1
30.998 0 0 0 1 1 1
30.998 0 1 0 0 1 1
30.998 0 1 0 0 1 1
31.0005 1 1 0 0 1 1
31.017 0 0 0 1 1 0
31.017 0 0 0 1 1 1
31.036 0 1 0 0 1 1
31.061 0 0 0 1 1 1
31.083 0 1 0 0 1 1
31.138 0 0 0 1 1 1
31.173 0 0 0 1 1 1
31.179 0 0 0 1 0 1
31.34 0 1 0 0 1 1
31.34 0 1 0 0 1 1
31.373 0 0 0 1 1 1
31.42 0 0 0 1 1 1
31.42 0 0 0 1 1 1
31.441 0 0 0 1 1 1
31.477 1 0 1 0 1 1
31.485 0 0 0 1 1 1
31.567 0 0 0 1 1 0
31.5945 1 0 1 0 1 1
31.647 0 1 0 0 1 1
31.666 1 0 0 1 1 1
31.748 0 0 1 0 1 1
31.775 0 1 0 0 1 1
31.792 0 0 0 1 1 0
31.811 0 1 0 0 1 1
31.855 0 0 0 1 0 1
31.91 0 1 0 0 1 1
31.918 1 1 0 0 1 0
31.921 0 1 0 0 1 0
31.989 0 0 0 1 0 0
31.997 0 0 0 1 1 1
32.0 0 0 0 1 0 1
32.0 0 0 0 1 1 1
32.0 0 0 0 1 1 1
32.0 0 1 0 0 1 1
32.003 0 0 0 1 1 1
32.033 0 1 0 0 1 1
32.079 0 0 0 1 1 1
32.164 0 0 0 1 1 0
32.167 0 0 0 1 1 1
32.167 0 0 0 1 1 1
32.167 1 1 0 0 1 1
32.172 0 1 0 0 1 1
32.175 0 1 0 0 1 1
32.186 0 0 0 1 1 1
32.315 0 0 0 1 1 0
32.337 0 0 0 1 1 1
32.394 0 0 1 0 1 1
32.416 0 0 0 1 1 1
32.419 0 1 0 0 1 1
32.422 0 1 0 0 1 1
32.545 0 0 1 0 1 1
32.6025 1 1 0 0 1 0
32.621 0 1 0 0 1 0
32.668 0 1 0 0 1 1
32.695 0 0 0 1 1 1
32.706 0 1 0 0 1 1
32.706 0 1 0 0 1 1
32.747 0 0 0 1 1 1
32.769 0 0 0 1 1 1
32.786 0 0 0 1 1 0
32.791 0 0 0 1 1 1
32.813 0 0 1 0 1 1
32.819 0 1 0 0 1 1
32.83 0 0 1 0 1 1
32.832 0 0 0 1 1 1
32.923 0 1 0 0 0 1
32.986 0 0 1 0 1 1
32.999 0 0 0 1 1 0
32.999 0 0 0 1 1 1
33.013 0 0 0 1 1 1
33.024 0 0 0 1 1 1
33.109 0 0 0 1 1 1
33.207 0 0 1 0 1 1
33.243 0 0 0 1 0 0
33.243 0 0 0 1 1 0
33.309 0 1 0 0 1 1
33.415 0 1 0 0 1 1
33.498 0 1 0 0 1 1
33.5795 1 1 0 0 1 1
33.651 0 0 0 1 0 1
33.662 0 0 1 0 1 1
33.665 0 0 0 1 1 1
33.689 0 1 0 0 1 0
33.695 0 0 1 0 1 1
33.752 0 0 0 1 1 0
33.755 1 0 0 1 1 1
33.793 0 1 0 0 1 1
33.851 0 0 0 1 1 1
33.859 0 1 0 0 1 0
33.914 0 0 1 0 1 1
33.919 0 0 1 0 1 1
33.919 0 1 0 0 1 0
33.96 0 0 0 1 1 0
33.9955 1 1 0 0 1 0
33.999 0 1 0 0 1 1
34.001 0 0 0 1 0 1
34.001 0 1 0 0 1 1
34.004 0 0 0 1 1 1
34.04 0 0 1 0 1 1
34.075 1 0 0 1 1 1
34.084 0 0 1 0 1 1
34.1 0 0 0 1 0 1
34.16 0 0 1 0 1 1
34.268 0 0 0 1 0 1
34.303 0 0 0 1 1 1
34.338 0 0 1 0 1 1
34.352 0 1 0 0 1 1
34.3685 1 0 1 0 1 1
34.459 0 0 0 1 0 0
34.459 0 0 0 1 1 0
34.5 0 1 0 0 1 1
34.502 0 1 0 0 1 1
34.505 0 0 0 1 1 1
34.543 0 0 0 1 1 1
34.571 0 0 0 1 1 1
34.582 0 1 0 0 1 1
34.598 0 1 0 0 1 1
34.609 0 0 0 1 1 1
34.653 0 0 0 1 1 1
34.664 0 0 0 1 1 0
34.691 0 0 0 1 1 1
34.762 0 0 1 0 1 1
34.79 0 0 1 0 1 1
34.79 0 0 1 0 1 1
34.809 0 1 0 0 1 1
34.809 0 1 0 0 1 1
34.943 0 0 0 1 1 1
34.987 0 1 0 0 1 1
34.998 0 0 0 1 1 1
35.001 0 0 0 1 0 1
35.001 0 0 0 1 1 1
35.001 0 0 0 1 1 1
35.001 0 0 0 1 1 1
35.001 0 0 0 1 1 1
35.003 0 1 0 0 0 1
35.028 0 0 0 1 1 1
35.08 0 1 0 0 1 1
35.08 0 1 0 0 1 1
35.17 0 1 0 0 1 1
35.181 0 0 0 1 1 1
35.187 0 0 0 1 1 1
35.228 0 0 0 1 1 1
35.24 0 0 0 1 0 0
35.253 0 1 0 0 1 1
35.274 0 0 0 1 0 0
35.335 0 0 0 1 1 1
35.335 0 1 0 0 1 1
35.381 0 0 0 1 1 1
35.455 0 0 0 1 1 0
35.507 0 0 0 1 1 0
35.584 0 1 0 0 1 1
35.619 0 1 0 0 1 1
35.669 0 0 0 1 1 1
35.756 0 0 0 1 0 0
35.803 0 0 0 1 1 1
35.828 0 0 0 1 0 0
35.8465 1 0 0 1 1 1
35.932 0 0 0 1 1 1
35.937 0 0 0 1 1 1
35.959 0 1 0 0 1 1
36.0 0 0 0 1 1 1
36.0 0 1 0 0 1 1
36.0 1 0 0 1 1 0
36.041 0 1 0 0 1 0
36.082 0 1 0 0 1 1
36.205 1 0 0 1 1 1
36.249 0 0 0 1 1 1
36.252 0 0 1 0 1 1
36.301 1 1 0 0 1 1
36.356 0 0 0 1 1 1
36.3775 1 0 0 1 1 1
36.3915 1 0 0 1 1 1
36.474 0 0 0 1 1 0
36.474 0 1 0 0 1 1
36.474 0 1 0 0 1 1
36.58 0 0 0 1 1 0
36.586 0 0 0 1 1 1
36.586 0 1 0 0 0 0
36.668 0 0 0 1 1 1
36.75 0 0 0 1 0 1
36.75 0 0 0 1 0 1
36.923 0 0 0 1 0 0
36.923 0 0 0 1 1 0
36.945 0 0 0 1 1 1
36.945 0 1 0 0 1 1
36.9885 1 0 0 1 1 0
36.999 0 0 0 1 1 1
37.06 0 0 0 1 1 1
37.158 0 0 0 1 0 0
37.158 0 0 0 1 1 0
37.158 0 1 0 0 1 1
37.248 0 1 0 0 1 1
37.268 0 0 1 0 1 1
37.317 0 1 0 0 1 1
37.418 0 1 0 0 1 1
37.495 0 0 0 1 1 1
37.5005 1 0 1 0 1 1
37.517 0 1 0 0 1 1
37.539 0 0 0 1 0 1
37.582 0 0 0 1 1 1
37.67 0 0 0 1 1 1
37.752 0 0 0 1 1 1
37.793 0 1 0 0 1 1
37.793 0 1 0 0 1 1
37.823 0 0 0 1 1 1
37.836 0 0 0 1 1 0
37.837 0 1 0 0 1 1
37.895 0 1 0 0 1 1
37.999 0 0 1 0 1 1
37.999 0 1 0 0 1 1
38.001 0 0 0 1 1 1
38.001 0 0 0 1 1 1
38.0915 1 0 0 1 0 1
38.103 0 0 0 1 1 1
38.141 0 1 0 0 1 1
38.149 0 0 0 1 1 1
38.155 0 0 0 1 1 1
38.212 0 1 0 0 1 1
38.215 0 1 0 0 1 1
38.324 0 1 0 0 1 1
38.33 0 0 0 1 1 1
38.42 0 1 0 0 1 1
38.428 0 1 0 0 1 1
38.494 0 0 0 1 1 1
38.571 0 0 0 1 1 1
38.585 0 1 0 0 1 1
38.587 0 1 0 0 1 1
38.595 0 1 0 0 1 1
38.612 0 0 1 0 1 1
38.669 0 0 0 1 1 0
38.702 0 1 0 0 1 1
38.732 0 0 0 1 1 1
38.743 0 0 0 1 1 1
38.845 0 0 0 1 1 1
38.897 0 0 0 1 1 1
38.912 0 0 0 1 0 0
38.916 0 1 0 0 1 1
38.919 0 0 0 1 1 1
38.943 0 1 0 0 1 1
38.998 0 1 0 0 1 1
39.001 0 1 0 0 1 1
39.023 0 1 0 0 1 1
39.05 0 1 0 0 1 1
39.168 0 1 0 0 1 1
39.247 0 0 0 1 0 0
39.257 1 0 0 1 1 1
39.329 0 1 0 0 1 1
39.332 0 0 0 1 1 1
39.332 0 0 0 1 1 1
39.362 0 1 0 0 1 1
39.417 0 0 0 1 0 0
39.417 0 0 0 1 1 0
39.422 0 0 1 0 1 1
39.488 0 1 0 0 1 1
39.641 0 1 0 0 1 1
39.669 0 0 1 0 1 0
39.803 0 0 0 1 0 0
39.833 0 1 0 0 0 0
39.918 0 1 0 0 1 1
39.959 0 1 0 0 1 1
40.071 0 0 1 0 1 1
40.093 0 0 0 1 1 1
40.093 0 0 0 1 1 1
40.107 0 1 0 0 1 1
40.115 0 0 1 0 1 1
40.118 0 0 0 1 1 1
40.219 0 0 0 1 1 1
40.252 0 1 0 0 1 1
40.411 0 0 1 0 1 1
40.416 0 0 0 1 1 1
40.452 0 0 0 1 1 1
40.501 0 0 0 1 1 1
40.523 0 1 0 0 1 1
40.597 0 1 0 0 1 1
40.597 0 1 0 0 1 1
40.602 0 0 0 1 1 1
40.695 0 1 0 0 1 1
40.698 0 1 0 0 1 1
40.726 0 1 0 0 1 1
40.805 0 1 0 0 1 1
40.838 0 1 0 0 1 0
40.854 0 0 0 1 0 1
40.868 0 1 0 0 1 1
40.903 0 1 0 0 1 1
40.914 0 1 0 0 1 1
40.95 0 1 0 0 0 1
40.98 0 0 0 1 0 0
41.09 0 0 0 1 0 0
41.095 0 0 0 1 0 1
41.12 0 0 1 0 1 1
41.128 0 1 0 0 1 1
41.158 0 1 0 0 1 0
41.164 0 0 0 1 1 1
41.173 0 0 1 0 1 1
41.199 0 0 1 0 1 1
41.229 0 0 0 1 1 1
41.251 0 0 0 1 1 1
41.309 0 1 0 0 1 0
41.361 0 0 0 1 1 0
41.388 0 0 0 1 1 1
41.391 0 0 0 1 0 1
41.503 0 0 1 0 1 1
41.588 0 1 0 0 1 1
41.6275 1 0 0 1 0 1
41.689 0 0 0 1 1 1
41.843 0 0 0 1 1 0
41.848 0 0 0 1 0 1
41.848 0 0 0 1 0 1
41.947 0 1 0 0 1 1
41.971 0 0 1 0 1 1
41.999 0 0 0 1 1 1
41.999 0 0 0 1 1 1
41.999 0 0 0 1 1 1
42.004 0 0 0 1 1 1
42.01 0 1 0 0 1 1
42.015 1 0 0 1 0 1
42.023 0 0 0 1 1 1
42.023 0 1 0 0 1 1
42.062 0 0 0 1 1 1
42.097 0 1 0 0 1 1
42.103 0 0 1 0 1 1
42.251 0 1 0 0 1 1
42.313 0 0 0 1 0 1
42.341 0 0 0 1 1 1
42.376 0 0 0 1 1 0
42.42 0 1 0 0 1 1
42.431 0 0 0 1 1 1
42.434 0 1 0 0 1 1
42.461 0 0 0 1 0 0
42.461 0 0 1 0 1 1
42.502 0 0 0 1 1 0
42.508 0 1 0 0 0 0
42.582 0 1 0 0 1 1
42.604 0 0 0 1 1 1
42.604 0 1 0 0 1 1
42.623 0 0 1 0 1 1
42.672 0 0 0 1 0 1
42.746 0 0 0 1 0 1
42.754 0 1 0 0 1 0
42.823 0 1 0 0 1 1
42.834 0 1 0 0 1 1
42.847 0 0 0 1 0 0
42.847 0 0 1 0 1 1
42.847 0 1 0 0 1 0
42.919 0 0 1 0 1 1
42.921 0 0 0 1 0 0
42.921 0 0 0 1 1 0
42.924 0 1 0 0 1 1
42.924 0 1 0 0 1 1
42.949 0 0 0 1 1 0
42.998 0 0 0 1 1 1
43.001 0 0 0 1 1 1
43.001 0 0 0 1 1 1
43.001 0 0 0 1 1 1
43.001 0 0 0 1 1 1
43.017 0 1 0 0 1 0
43.042 0 0 1 0 1 1
43.08 0 1 0 0 1 1
43.097 0 1 0 0 1 0
43.11 0 1 0 0 1 1
43.313 0 1 0 0 1 1
43.496 0 1 0 0 1 1
43.556 0 1 0 0 1 1
43.573 0 1 0 0 1 1
43.581 0 1 0 0 1 1
43.625 0 1 0 0 0 1
43.671 0 0 0 1 0 0
43.685 0 0 0 1 1 1
43.685 0 0 0 1 1 1
43.715 0 0 0 1 1 1
43.745 0 0 0 1 1 1
43.751 0 0 0 1 1 1
43.874 0 1 0 0 1 1
43.882 0 1 0 0 1 1
43.929 0 0 1 0 1 1
43.943 0 1 0 0 1 1
43.953 0 1 0 0 1 1
43.964 0 0 0 1 1 1
43.984 0 0 0 1 1 1
43.997 0 0 0 1 1 1
44.0 0 0 0 1 1 1
44.027 0 0 0 1 1 1
44.063 0 0 0 1 1 1
44.077 0 0 0 1 1 1
44.085 0 0 0 1 1 1
44.131 0 0 0 1 1 1
44.235 0 0 0 1 1 1
44.244 0 1 0 0 1 1
44.339 0 0 0 1 0 1
44.383 0 0 1 0 1 1
44.435 0 0 1 0 1 1
44.58 0 0 0 1 1 1
44.747 0 0 0 1 1 0
44.824 0 0 0 1 1 1
44.841 0 0 0 1 1 1
44.873 0 0 0 1 1 1
44.999 0 0 0 1 1 0
44.999 0 1 0 0 1 1
45.081 0 0 0 1 1 1
45.081 0 0 0 1 1 1
45.087 0 0 0 1 1 1
45.164 0 1 0 0 1 0
45.169 0 1 0 0 1 0
45.235 0 0 0 1 1 1
45.383 0 0 0 1 1 1
45.399 0 0 1 0 1 1
45.418 0 0 0 1 1 1
45.437 0 0 0 1 1 1
45.547 0 1 0 0 1 1
45.626 0 0 1 0 1 1
45.626 0 1 0 0 1 1
45.733 0 1 0 0 1 1
45.749 0 0 0 1 1 1
45.758 0 0 0 1 1 1
45.867 0 1 0 0 1 1
45.944 0 0 0 1 0 1
45.96 0 1 0 0 1 1
46.004 0 0 0 1 1 1
46.04 0 1 0 0 1 1
46.086 0 0 0 1 1 1
46.1 0 0 0 1 1 1
46.1 0 1 0 0 1 1
46.138 0 0 0 1 1 1
46.16 0 0 0 1 1 1
46.171 0 0 0 1 1 1
46.22 0 0 0 1 1 1
46.24 0 0 0 1 0 1
46.333 0 0 0 1 1 1
46.36 0 0 1 0 1 1
46.456 0 0 1 0 1 1
46.511 0 0 0 1 1 1
46.511 0 0 0 1 1 1
46.524 0 0 1 0 1 1
46.535 0 0 0 1 1 0
46.538 0 0 0 1 1 1
46.582 0 1 0 0 1 1
46.642 0 0 1 0 1 1
46.65 0 0 0 1 0 0
46.653 0 0 1 0 1 1
46.705 0 0 1 0 1 1
46.762 0 0 0 1 1 1
46.806 0 1 0 0 1 1
46.823 0 0 1 0 1 1
46.905 0 1 0 0 1 1
46.905 0 1 0 0 1 1
46.962 1 1 0 0 0 1
46.979 0 0 0 1 1 1
46.984 0 0 0 1 1 1
47.001 0 1 0 0 1 1
47.009 0 0 0 1 1 1
47.028 0 0 0 1 1 1
47.08 0 1 0 0 1 1
47.17 0 1 0 0 1 1
47.233 0 0 0 1 1 1
47.25 0 0 0 1 0 0
47.25 0 1 0 0 1 1
47.264 0 1 0 0 1 1
47.42 0 0 0 1 1 0
47.42 0 1 0 0 1 1
47.543 0 0 1 0 1 1
47.546 0 1 0 0 1 1
47.671 0 1 0 0 1 1
47.734 0 0 1 0 1 1
47.759 0 0 0 1 1 1
47.833 0 0 0 1 1 1
47.852 0 0 0 1 1 0
47.86 0 0 1 0 1 1
47.88 0 0 1 0 1 1
47.907 0 0 0 1 1 1
47.943 0 1 0 0 1 1
48.005 0 0 0 1 1 0
48.033 0 0 0 1 1 1
48.17 0 0 0 1 1 1
48.246 0 0 0 1 1 0
48.252 0 0 0 1 1 0
48.32 0 0 0 1 0 1
48.356 0 0 0 1 1 1
48.413 0 0 0 1 1 1
48.422 0 0 0 1 1 1
48.46 0 1 0 0 1 1
48.463 0 1 0 0 1 1
48.485 0 0 0 1 1 1
48.559 0 0 0 1 1 1
48.654 0 0 0 1 1 1
48.802 0 1 0 0 1 1
48.832 0 0 0 1 0 0
48.862 0 0 0 1 1 1
48.895 0 0 0 1 1 1
48.999 0 0 0 1 1 1
48.999 0 0 1 0 1 1
49.002 0 1 0 0 1 1
49.125 0 0 0 1 1 1
49.142 0 0 0 1 1 1
49.248 0 0 0 1 1 1
49.248 0 1 0 0 1 1
49.287 0 0 0 1 0 0
49.35 0 0 0 1 0 0
49.35 0 0 0 1 1 1
49.511 0 0 0 1 1 1
49.539 0 1 0 0 1 1
49.588 0 0 0 1 1 1
49.629 0 1 0 0 1 1
49.687 0 0 0 1 0 1
49.687 0 1 0 0 1 1
49.774 0 0 0 1 1 1
49.834 0 1 0 0 0 0
49.916 0 0 0 1 1 1
49.919 0 0 0 1 0 0
49.944 0 1 0 0 1 1
49.963 0 0 0 1 0 0
49.99 0 0 0 1 1 1
49.99 0 0 0 1 1 1
49.999 0 0 0 1 1 1
49.999 0 0 0 1 1 1
49.999 0 1 0 0 1 1
50.001 0 0 0 1 1 1
50.007 0 0 0 1 1 1
50.084 0 0 0 1 0 1
50.103 0 1 0 0 1 1
50.103 0 1 0 0 1 1
50.108 0 0 0 1 0 1
50.157 0 0 0 1 1 0
50.163 0 0 0 1 0 1
50.182 0 0 0 1 1 0
50.24 0 0 0 1 1 1
50.251 0 0 0 1 1 0
50.379 1 1 0 0 1 1
50.385 0 0 1 0 1 1
50.494 0 1 0 0 1 1
50.502 0 0 0 1 1 1
50.568 0 0 1 0 1 1
50.639 0 0 0 1 1 0
50.653 0 1 0 0 1 1
50.776 0 0 0 1 1 1
50.864 0 0 0 1 1 1
50.877 0 0 0 1 0 0
50.919 0 0 0 1 0 1
50.962 0 1 0 0 1 1
51.001 0 0 0 1 1 1
51.168 0 0 0 1 0 0
51.291 0 0 0 1 1 1
51.337 0 0 0 1 1 1
51.362 0 0 0 1 1 1
51.458 0 0 0 1 1 1
51.57 0 0 0 1 1 1
51.666 0 0 0 1 0 0
51.707 0 0 0 1 1 1
51.748 0 0 0 1 1 1
51.852 0 0 0 1 1 1
51.863 0 1 0 0 1 1
51.863 0 1 0 0 1 1
51.874 0 0 0 1 1 1
52.0 0 1 0 0 1 1
52.0 0 1 0 0 1 1
52.14 0 0 0 1 1 1
52.151 0 1 0 0 1 1
52.164 0 1 0 0 1 1
52.172 0 0 1 0 1 1
52.172 0 1 0 0 1 1
52.498 0 1 0 0 1 1
52.578 0 0 0 1 1 1
52.611 0 0 0 1 1 1
52.663 0 1 0 0 1 1
52.671 0 0 0 1 1 1
52.794 0 0 0 1 1 0
52.917 0 0 1 0 1 1
52.917 0 1 0 0 1 1
53.04 0 0 0 1 1 0
53.084 0 1 0 0 1 1
53.142 0 1 0 0 1 1
53.155 0 1 0 0 1 1
53.391 0 0 0 1 1 1
53.391 0 0 1 0 1 1
53.405 0 0 0 1 1 1
53.459 0 0 0 1 0 1
53.498 0 0 0 1 1 1
53.749 0 0 1 0 1 1
53.821 0 1 0 0 1 1
53.84 0 0 0 1 1 1
53.985 0 0 0 1 1 1
53.993 0 1 0 0 1 1
53.993 0 1 0 0 1 1
54.001 0 0 0 1 1 1
54.059 0 0 0 1 1 0
54.067 0 0 0 1 1 1
54.166 0 0 1 0 1 1
54.226 0 0 0 1 1 1
54.251 0 0 0 1 1 0
54.251 0 1 0 0 1 1
54.338 0 0 0 1 1 1
54.412 0 0 0 1 1 1
54.418 0 0 0 1 0 0
54.418 0 0 0 1 1 1
54.505 0 0 0 1 0 1
54.595 0 1 0 0 1 1
54.68 0 0 0 1 1 1
54.749 0 0 0 1 1 1
54.79 0 1 0 0 1 1
54.831 0 0 0 1 1 1
54.845 0 0 0 1 1 1
54.877 0 0 0 1 1 1
54.91 0 1 0 0 1 1
54.943 0 0 0 1 0 0
55.14 0 0 0 1 1 1
55.398 0 0 0 1 1 1
55.42 0 0 0 1 1 0
55.496 0 0 0 1 1 1
55.51 0 0 0 1 1 1
55.581 0 0 0 1 1 1
55.669 0 1 0 0 1 1
55.833 0 0 0 1 1 1
55.915 0 0 0 1 1 1
55.915 0 0 0 1 1 1
56.041 0 1 0 0 1 1
56.052 0 1 0 0 1 1
56.085 0 0 0 1 0 1
56.101 0 0 0 1 1 1
56.668 0 0 0 1 1 1
56.761 0 1 0 0 1 1
56.882 0 0 0 1 1 1
56.903 0 1 0 0 1 1
56.999 0 0 0 1 1 1
56.999 0 0 0 1 1 1
57.049 0 0 0 1 1 1
57.062 0 0 0 1 1 1
57.164 0 0 0 1 1 1
57.166 0 1 0 0 1 1
57.415 0 0 0 1 1 0
57.506 0 0 0 1 1 1
57.561 0 1 0 0 1 1
57.919 0 0 1 0 1 1
58.001 0 0 0 1 1 1
58.053 0 1 0 0 1 1
58.363 0 0 0 1 1 1
58.916 0 0 1 0 1 1
59.206 0 0 0 1 0 1
59.384 0 0 0 1 1 1
59.452 0 0 0 1 0 0
59.948 0 1 0 0 1 1
60.208 0 0 0 1 1 1
60.249 0 0 0 1 1 0
60.353 0 0 0 1 1 0
60.504 0 1 0 0 1 1
60.882 0 1 0 0 1 1
61.407 0 1 0 0 1 1
61.498 0 0 0 1 0 1
61.498 0 0 0 1 0 1
61.525 0 1 0 0 1 1
61.667 0 1 0 0 1 1
61.678 0 1 0 0 1 1
61.771 0 0 0 1 1 1
61.832 0 0 0 1 1 1
62.084 0 0 1 0 1 1
62.084 0 1 0 0 1 1
62.33 0 0 0 1 1 1
62.338 0 1 0 0 0 1
62.752 0 1 0 0 1 1
62.861 0 0 0 1 1 1
63.335 0 0 1 0 1 1
63.376 0 0 1 0 1 1
63.45 0 0 0 1 1 1
64.255 0 0 0 1 1 1
64.394 0 0 0 1 1 1
64.394 0 1 0 0 1 1
67.255 0 0 0 1 1 1
73.068 0 0 0 1 1 1
