0.03288 1 1 1 1 0 0 0 0 0 0 0 0 1
0.04932 1 1 1 1 1 1 1 1 0 0 0 0 0
0.06027 1 1 1 1 0 0 0 0 0 0 0 1 1
0.06027 1 1 1 1 1 1 1 1 0 0 0 1 0
0.06027 1 1 1 1 1 1 1 1 1 1 0 0 1
0.07671 1 1 1 1 1 1 1 1 1 1 0 1 1
0.07945 1 1 1 1 1 1 1 1 0 0 0 1 1
0.08493 1 1 1 1 1 1 1 1 0 0 0 0 1
0.09589 1 1 1 1 1 1 0 0 0 0 0 1 1
0.09863 1 1 1 0 0 0 0 0 0 0 0 1 0
0.09863 1 1 1 1 1 0 0 0 0 0 0 0 1
0.09863 1 1 1 1 1 1 1 0 0 0 0 1 1
0.10411 1 1 1 1 1 1 1 1 0 0 0 0 0
0.10685 1 1 1 1 1 1 1 1 1 0 0 1 1
0.10959 1 1 1 1 1 1 1 0 0 0 0 0 1
0.11507 1 1 1 1 1 1 0 0 0 0 0 0 0
0.12329 1 1 1 1 1 1 1 1 0 0 0 0 0
0.12603 1 0 0 0 0 0 0 0 0 0 0 0 1
0.12603 1 1 1 1 1 0 0 0 0 0 0 0 1
0.12877 1 1 1 1 1 1 1 1 1 1 1 0 1
0.13151 1 1 0 0 0 0 0 0 0 0 0 0 1
0.13151 1 1 1 0 0 0 0 0 0 0 0 0 0
0.13151 1 1 1 1 1 1 1 1 1 1 0 1 0
0.13973 1 1 1 0 0 0 0 0 0 0 0 0 1
0.13973 1 1 1 1 1 1 1 1 1 1 0 0 1
0.14247 1 1 1 0 0 0 0 0 0 0 0 0 0
0.14521 1 1 1 1 1 1 1 1 1 1 0 0 0
0.14795 1 1 1 0 0 0 0 0 0 0 0 0 1
0.14795 1 1 1 1 1 0 0 0 0 0 0 0 1
0.15342 1 1 1 1 0 0 0 0 0 0 0 1 1
0.1589 1 1 1 1 1 1 1 0 0 0 0 0 0
0.1726 1 1 1 0 0 0 0 0 0 0 0 1 0
0.1726 1 1 1 1 1 0 0 0 0 0 0 1 1
0.1726 1 1 1 1 1 1 1 0 0 0 0 1 0
0.1726 1 1 1 1 1 1 1 1 1 0 0 0 1
0.18082 1 1 0 0 0 0 0 0 0 0 0 1 0
0.18082 1 1 1 1 1 1 1 1 1 1 0 0 0
0.1863 1 1 1 1 1 1 1 1 0 0 0 0 1
0.19178 1 1 1 1 1 1 1 1 1 0 0 1 0
0.19452 1 1 1 1 1 1 1 1 0 0 0 0 1
0.19452 1 1 1 1 1 1 1 1 0 0 0 1 1
0.21918 1 1 1 1 1 0 0 0 0 0 0 0 1
0.23014 1 1 0 0 0 0 0 0 0 0 0 0 1
0.23288 1 1 1 1 1 1 1 1 0 0 0 0 1
0.23836 1 1 1 1 1 1 1 1 1 1 0 0 1
0.2411 1 1 0 0 0 0 0 0 0 0 0 1 1
0.2411 1 1 1 1 1 0 0 0 0 0 0 0 1
0.2411 1 1 1 1 1 1 1 0 0 0 0 0 1
0.24658 1 1 1 1 1 1 1 0 0 0 0 1 0
0.25753 1 1 1 1 0 0 0 0 0 0 0 1 1
0.26027 1 1 1 0 0 0 0 0 0 0 0 0 0
0.26027 1 1 1 1 0 0 0 0 0 0 0 1 0
0.26027 1 1 1 1 1 0 0 0 0 0 0 1 0
0.26575 1 1 0 0 0 0 0 0 0 0 0 0 1
0.26575 1 1 0 0 0 0 0 0 0 0 0 1 1
0.28767 1 1 0 0 0 0 0 0 0 0 0 0 1
0.28767 1 1 1 0 0 0 0 0 0 0 0 1 1
0.28767 1 1 1 1 1 0 0 0 0 0 0 0 1
0.28767 1 1 1 1 1 1 1 0 0 0 0 1 1
0.30137 1 1 0 0 0 0 0 0 0 0 0 1 0
0.30137 1 1 1 1 1 1 1 0 0 0 0 0 0
0.30959 1 1 0 0 0 0 0 0 0 0 0 0 1
0.30959 1 1 1 1 1 0 0 0 0 0 0 0 1
0.32055 1 1 1 0 0 0 0 0 0 0 0 0 1
0.32055 1 1 1 1 1 1 0 0 0 0 0 0 1
0.32603 1 1 1 1 1 1 1 1 1 0 0 0 1
0.32877 1 1 1 0 0 0 0 0 0 0 0 1 1
0.33699 1 1 1 1 1 1 1 1 1 1 1 0 0
0.34247 1 1 1 1 1 1 1 1 1 1 0 0 0
0.34795 1 1 1 1 1 0 0 0 0 0 0 0 1
0.34795 1 1 1 1 1 1 0 0 0 0 0 1 0
0.35616 1 1 1 1 1 1 1 0 0 0 0 1 0
0.35616 1 1 1 1 1 1 1 1 0 0 0 0 1
0.36438 1 1 1 1 0 0 0 0 0 0 0 1 1
0.3863 1 0 0 0 0 0 0 0 0 0 0 1 1
0.39178 1 1 1 1 1 1 1 0 0 0 0 0 0
0.41096 1 0 0 0 0 0 0 0 0 0 0 1 1
0.4137 1 1 1 1 1 1 1 1 1 1 1 0 0
0.41644 1 1 1 1 1 1 1 1 1 0 0 0 1
0.43562 1 1 1 1 1 1 1 0 0 0 0 1 1
0.43836 1 1 1 1 1 1 1 1 1 1 0 0 0
0.43836 1 1 1 1 1 1 1 1 1 1 0 1 0
0.44384 1 1 1 1 1 1 1 1 1 0 0 1 1
0.45205 1 1 1 1 1 1 1 1 1 1 0 0 1
0.45479 1 1 1 1 1 1 1 1 1 0 0 1 1
0.46027 1 1 1 0 0 0 0 0 0 0 0 0 0
0.46027 1 1 1 1 1 0 0 0 0 0 0 0 0
0.46301 1 1 1 1 1 1 1 1 1 1 1 1 1
0.46575 1 1 0 0 0 0 0 0 0 0 0 0 1
0.47945 1 1 0 0 0 0 0 0 0 0 0 0 0
0.49041 1 1 1 0 0 0 0 0 0 0 0 1 0
0.49041 1 1 1 1 1 0 0 0 0 0 0 1 0
0.49589 1 1 1 1 1 1 1 1 1 0 0 0 1
0.51507 1 1 1 1 0 0 0 0 0 0 0 0 1
0.51507 1 1 1 1 0 0 0 0 0 0 0 1 1
0.52603 1 1 1 1 1 1 1 1 1 0 0 0 1
0.54795 1 1 1 1 1 1 0 0 0 0 0 0 0
0.55068 1 1 1 1 1 0 0 0 0 0 0 1 0
0.55068 1 1 1 1 1 1 0 0 0 0 0 0 0
0.56164 1 1 1 1 1 1 1 1 1 0 0 1 0
0.56986 1 1 1 1 1 1 1 0 0 0 0 0 0
0.5726 1 1 1 1 1 0 0 0 0 0 0 1 1
0.59178 1 1 0 0 0 0 0 0 0 0 0 0 0
0.59726 1 1 1 1 1 1 1 0 0 0 0 0 1
0.60822 0 1 0 0 0 0 0 0 0 0 0 1 0
0.62466 1 1 1 1 1 0 0 0 0 0 0 0 0
0.6274 1 1 1 1 1 1 1 1 1 0 0 1 1
0.63288 1 1 1 1 0 0 0 0 0 0 0 0 0
0.64384 1 1 1 1 0 0 0 0 0 0 0 0 0
0.64658 1 1 1 1 1 1 0 0 0 0 0 0 0
0.70959 1 1 1 1 1 1 0 0 0 0 0 0 0
0.72603 1 1 1 1 1 0 0 0 0 0 0 0 1
0.7863 1 1 1 1 1 0 0 0 0 0 0 0 0
0.82466 1 1 1 1 1 1 1 1 1 0 0 1 0
0.8274 1 1 1 1 1 1 1 1 0 0 0 0 0
0.8274 1 1 1 1 1 1 1 1 1 0 0 0 0
0.85479 1 1 1 1 1 1 1 1 0 0 0 0 0
0.85753 1 1 1 1 1 1 1 1 0 0 0 1 0
0.86301 1 1 1 1 1 1 1 1 0 0 0 1 0
0.89589 1 0 0 0 0 0 0 0 0 0 0 1 1
0.90137 1 1 1 1 1 1 1 1 1 1 1 0 1
0.91781 1 1 1 1 1 1 0 0 0 0 0 1 1
0.92877 1 0 0 0 0 0 0 0 0 0 0 1 1
0.95068 1 1 1 1 1 1 1 0 0 0 0 0 0
0.97808 1 1 1 1 1 1 0 0 0 0 0 1 1
0.9863 1 1 1 1 1 1 0 0 0 0 0 0 1
0.98904 1 1 1 1 1 1 1 0 0 0 0 0 1
0.99726 1 1 1 1 1 1 1 1 0 0 0 0 0
1.00274 1 1 1 1 1 1 1 1 1 1 0 0 0
1.00822 1 1 1 1 1 1 0 0 0 0 0 0 1
1.00822 1 1 1 1 1 1 1 1 1 0 0 0 0
1.01644 1 1 1 1 1 1 1 1 1 1 1 1 1
1.02192 1 1 1 1 0 0 0 0 0 0 0 1 0
1.03288 1 1 1 1 1 1 1 0 0 0 0 1 0
1.06849 1 1 1 1 1 1 1 1 1 1 0 0 1
1.07123 1 1 1 1 1 1 1 1 0 0 0 0 0
1.08219 1 1 1 1 1 1 1 1 1 0 0 1 1
1.09041 1 1 1 1 1 1 1 1 1 1 0 0 0
1.15068 1 1 1 1 0 0 0 0 0 0 0 0 0
1.16438 1 1 1 1 0 0 0 0 0 0 0 1 0
1.18904 1 1 1 0 0 0 0 0 0 0 0 1 1
1.19178 1 1 1 1 1 1 1 1 1 1 0 0 0
1.23836 1 1 1 1 1 1 1 1 1 1 1 0 0
1.35068 1 1 1 1 1 1 1 1 0 0 0 0 0
1.35342 1 1 1 1 1 1 1 1 1 1 1 0 1
1.35616 1 1 1 1 1 1 1 0 0 0 0 1 1
1.47671 1 1 1 1 1 0 0 0 0 0 0 1 0
1.48767 1 1 1 1 1 1 1 1 1 0 0 1 0
1.51507 1 1 0 0 0 0 0 0 0 0 0 0 1
1.52055 1 1 1 1 1 1 1 1 0 0 0 1 0
1.6137 1 1 1 1 0 0 0 0 0 0 0 0 0
1.6411 1 1 1 0 0 0 0 0 0 0 0 1 1
1.65205 1 1 1 1 0 0 0 0 0 0 0 1 1
1.69589 1 1 1 1 1 1 1 1 1 0 0 1 1
1.69863 1 1 0 0 0 0 0 0 0 0 0 1 1
1.70411 1 1 1 0 0 0 0 0 0 0 0 0 0
1.70959 1 1 1 1 1 1 1 1 0 0 0 1 1
1.72055 1 1 1 1 1 0 0 0 0 0 0 0 0
1.73425 1 1 1 1 1 1 1 1 1 0 0 0 0
1.83288 1 1 1 1 1 1 1 1 1 1 0 1 1
1.83562 0 1 1 1 1 1 0 0 0 0 0 0 0
1.84658 1 1 1 1 1 0 0 0 0 0 0 0 1
1.85753 1 1 1 0 0 0 0 0 0 0 0 0 0
1.87945 1 1 1 1 1 1 1 1 0 0 0 1 1
1.88219 1 1 1 1 1 1 1 1 1 0 0 0 0
1.89863 0 1 1 1 1 1 1 1 1 1 1 1 1
1.94795 1 1 1 1 1 1 1 1 1 0 0 0 1
2.08219 1 0 0 0 0 0 0 0 0 0 0 0 0
2.09041 1 1 1 0 0 0 0 0 0 0 0 0 1
2.13151 1 1 0 0 0 0 0 0 0 0 0 0 1
2.15068 0 1 1 1 1 1 0 0 0 0 0 0 0
2.28219 1 1 0 0 0 0 0 0 0 0 0 0 0
2.29589 1 0 0 0 0 0 0 0 0 0 0 1 0
2.31507 1 1 1 1 0 0 0 0 0 0 0 1 0
2.39726 1 1 1 1 1 1 1 1 1 0 0 1 1
2.47671 1 1 1 1 1 1 1 1 1 0 0 0 0
2.55068 1 1 0 0 0 0 0 0 0 0 0 1 0
2.55616 1 1 1 1 1 0 0 0 0 0 0 1 0
2.57808 1 1 1 1 0 0 0 0 0 0 0 0 1
2.72329 1 1 1 1 1 1 1 1 1 1 1 0 1
2.87397 1 1 1 1 0 0 0 0 0 0 0 0 0
2.87671 1 0 0 0 0 0 0 0 0 0 0 0 0
2.90411 0 1 1 1 1 0 0 0 0 0 0 0 0
3.02466 1 1 1 1 1 1 1 0 0 0 0 0 0
3.05479 1 1 1 1 1 1 1 1 0 0 0 1 0
3.06849 1 1 0 0 0 0 0 0 0 0 0 0 1
3.1863 1 1 1 1 0 0 0 0 0 0 0 0 1
3.20548 1 1 1 1 0 0 0 0 0 0 0 0 1
3.27671 1 1 1 1 0 0 0 0 0 0 0 0 1
3.33973 1 1 1 1 1 1 1 1 1 1 1 0 1
3.5863 1 1 1 1 1 1 0 0 0 0 0 0 0
3.85205 1 1 1 1 1 1 1 1 0 0 0 1 1
3.86575 1 1 1 1 1 1 1 0 0 0 0 0 1
3.93973 1 1 1 1 1 1 1 1 1 1 0 0 0
4.24384 0 1 0 0 0 0 0 0 0 0 0 1 1
4.26301 1 1 1 1 1 0 0 0 0 0 0 1 0
4.29041 1 1 1 1 1 1 1 0 0 0 0 1 0
4.29863 0 1 1 0 0 0 0 0 0 0 0 0 0
4.36164 0 1 1 1 1 1 0 0 0 0 0 0 0
4.40822 0 1 1 0 0 0 0 0 0 0 0 0 1
4.45205 1 1 1 0 0 0 0 0 0 0 0 0 1
4.63836 0 1 1 1 1 1 1 0 0 0 0 0 0
4.72055 0 1 1 1 1 1 0 0 0 0 0 1 1
4.74795 0 1 1 0 0 0 0 0 0 0 0 1 1
4.76986 0 1 1 1 1 1 1 1 1 0 0 1 1
4.8137 0 1 1 1 1 1 1 1 0 0 0 1 1
4.81918 0 1 1 1 1 0 0 0 0 0 0 1 0
4.86027 0 1 1 1 1 1 1 1 1 1 0 1 0
4.86849 1 1 1 1 1 1 1 1 1 1 1 0 1
4.89315 0 1 1 1 0 0 0 0 0 0 0 0 0
4.90685 0 1 1 1 1 1 0 0 0 0 0 1 0
4.92877 0 1 1 1 1 1 1 1 1 1 0 0 0
4.94795 0 1 1 1 1 0 0 0 0 0 0 1 0
4.95616 0 1 1 1 0 0 0 0 0 0 0 0 1
5.12329 0 1 1 1 1 1 1 1 1 0 0 0 1
5.16712 1 1 1 1 1 1 1 1 1 1 1 1 0
5.24658 0 1 1 1 1 1 1 0 0 0 0 0 1
5.32329 0 1 1 1 1 1 1 1 1 1 0 1 1
5.45479 0 1 1 1 1 1 1 1 1 0 0 1 0
5.54521 0 1 1 1 0 0 0 0 0 0 0 1 0
5.59178 0 1 1 1 1 1 1 1 1 1 0 0 0
5.7589 0 1 0 0 0 0 0 0 0 0 0 0 0
5.77808 0 1 1 1 1 1 1 1 1 1 0 0 1
5.88493 0 1 1 1 1 1 1 1 0 0 0 0 1
6.0 0 1 1 1 1 1 1 0 0 0 0 1 0
6.01096 1 1 1 1 1 1 1 1 1 1 1 0 1
6.02192 0 1 1 1 1 1 1 1 0 0 0 0 1
6.06575 0 1 1 1 1 1 0 0 0 0 0 0 1
6.13699 0 1 1 1 1 1 0 0 0 0 0 1 0
6.1589 0 0 0 0 0 0 0 0 0 0 0 1 1
6.20274 0 1 1 1 1 1 0 0 0 0 0 0 0
6.30959 0 1 0 0 0 0 0 0 0 0 0 0 1
6.34795 0 1 1 1 1 1 1 1 1 1 0 0 0
6.37808 0 1 1 1 1 1 1 1 1 1 0 0 0
6.40548 0 1 1 1 0 0 0 0 0 0 0 1 1
6.41096 0 0 0 0 0 0 0 0 0 0 0 1 0
6.47123 0 1 1 1 1 1 0 0 0 0 0 0 0
6.48493 0 1 1 1 1 1 1 1 1 1 0 1 1
6.51507 0 0 0 0 0 0 0 0 0 0 0 1 1
6.85479 0 1 1 1 1 1 0 0 0 0 0 0 1
6.89315 0 1 0 0 0 0 0 0 0 0 0 0 0
6.93151 0 1 1 1 1 1 1 1 1 1 0 0 1
7.0 0 1 1 1 1 1 0 0 0 0 0 0 0
7.0411 0 1 1 1 1 1 1 1 1 1 0 0 0
7.04384 0 1 1 1 1 1 1 1 1 1 0 0 0
7.09589 0 1 1 1 1 1 0 0 0 0 0 1 1
7.23288 0 1 1 1 1 1 1 1 1 1 1 0 0
7.25205 0 1 0 0 0 0 0 0 0 0 0 0 1
7.30685 0 1 1 1 1 0 0 0 0 0 0 0 0
7.35616 0 1 1 1 1 1 1 1 1 0 0 1 0
7.41918 0 1 0 0 0 0 0 0 0 0 0 1 0
7.42466 0 0 0 0 0 0 0 0 0 0 0 0 0
7.53151 0 1 1 1 1 1 1 0 0 0 0 0 1
7.62192 0 1 1 0 0 0 0 0 0 0 0 0 0
7.63836 0 1 1 1 1 1 1 0 0 0 0 0 1
7.70959 0 1 0 0 0 0 0 0 0 0 0 0 0
7.79726 0 1 1 1 1 1 0 0 0 0 0 1 1
7.8137 0 1 0 0 0 0 0 0 0 0 0 0 1
7.82192 0 1 1 1 1 1 1 0 0 0 0 0 0
7.83288 0 1 1 1 1 1 0 0 0 0 0 0 1
7.83562 0 1 1 1 1 1 1 1 1 1 0 1 0
7.94521 0 1 1 1 1 1 1 0 0 0 0 1 1
7.96438 0 1 1 0 0 0 0 0 0 0 0 1 0
7.96712 0 1 1 0 0 0 0 0 0 0 0 1 0
7.99726 0 0 0 0 0 0 0 0 0 0 0 1 1
8.0274 0 1 1 0 0 0 0 0 0 0 0 1 1
8.0411 0 1 1 1 1 1 1 1 1 0 0 0 0
8.09863 0 1 1 1 1 1 1 1 1 0 0 0 0
8.2137 0 1 1 1 0 0 0 0 0 0 0 1 0
8.24658 0 1 0 0 0 0 0 0 0 0 0 1 1
8.26301 1 1 1 1 1 1 1 1 0 0 0 0 1
8.28767 0 1 1 1 1 1 1 1 1 1 0 1 0
8.33425 0 1 1 1 0 0 0 0 0 0 0 0 0
8.34247 0 1 1 0 0 0 0 0 0 0 0 0 1
8.36712 0 1 1 1 1 0 0 0 0 0 0 1 0
8.4 0 1 1 1 1 0 0 0 0 0 0 0 0
8.45753 0 1 1 0 0 0 0 0 0 0 0 0 0
8.75342 0 1 1 1 1 1 1 1 0 0 0 0 0
8.9863 0 1 0 0 0 0 0 0 0 0 0 0 0
8.99178 0 1 1 1 1 1 1 0 0 0 0 0 0
9.03288 0 0 0 0 0 0 0 0 0 0 0 1 0
9.38356 0 1 1 1 1 1 0 0 0 0 0 0 0
9.63014 0 0 0 0 0 0 0 0 0 0 0 0 0
9.64384 0 1 1 0 0 0 0 0 0 0 0 0 1
