5 1 1 1 1 1 1 1 1 1 1 1 1 1 1
6 1 1 1 1 1 1 1 1 1 0 0 0 1 1
8 1 1 0 0 0 0 0 0 0 0 0 1 1 1
8 1 1 1 1 1 1 1 1 1 0 0 1 1 1
8 1 1 1 1 1 1 1 1 1 1 0 0 1 1
8 1 1 1 1 1 1 1 1 1 1 0 1 1 1
9 1 1 1 1 1 1 1 0 0 0 0 1 0 1
11 1 1 1 1 1 1 1 1 1 1 1 0 1 1
12 1 1 1 1 1 0 0 0 0 0 0 0 1 1
13 1 1 1 1 1 1 1 0 0 0 0 0 1 1
14 1 1 1 0 0 0 0 0 0 0 0 1 1 0
14 1 1 1 0 0 0 0 0 0 0 0 1 1 0
14 1 1 1 1 1 1 1 1 1 1 0 0 1 1
15 1 1 1 1 1 0 0 0 0 0 0 0 1 1
19 1 1 1 1 1 0 0 0 0 0 0 0 0 1
20 1 1 1 1 1 1 1 1 1 1 0 0 1 0
25 1 1 0 0 0 0 0 0 0 0 0 0 0 0
25 1 1 1 1 0 0 0 0 0 0 0 1 1 1
28 0 1 1 1 1 0 0 0 0 0 0 1 0 0
31 1 1 1 1 1 1 1 1 1 0 0 0 1 0
32 1 1 0 0 0 0 0 0 0 0 0 0 0 1
34 1 0 0 0 0 0 0 0 0 0 0 0 0 1
36 0 1 1 0 0 0 0 0 0 0 0 1 1 0
36 1 1 1 0 0 0 0 0 0 0 0 0 1 0
43 0 1 1 1 1 1 1 1 0 0 0 1 1 0
48 0 0 0 0 0 0 0 0 0 0 0 1 0 1
50 0 1 0 0 0 0 0 0 0 0 0 1 0 1
50 0 1 1 1 1 1 1 1 1 0 0 0 0 0
51 0 1 1 1 1 1 1 0 0 0 0 0 0 0
53 1 1 1 1 0 0 0 0 0 0 0 1 0 0
54 0 1 1 0 0 0 0 0 0 0 0 1 0 0
57 0 1 1 0 0 0 0 0 0 0 0 0 0 0
57 0 1 1 1 1 1 1 0 0 0 0 0 0 0
58 0 1 1 1 1 1 1 1 0 0 0 0 0 0
59 0 1 1 1 1 1 0 0 0 0 0 1 1 0
61 0 1 1 1 1 1 0 0 0 0 0 0 0 0
69 0 1 1 1 1 1 0 0 0 0 0 0 0 0
