7 1 1 0 0 0 1 1 1 0 1
8 1 1 1 0 0 1 1 0 0 1
9 1 1 1 1 1 1 1 1 1 1
10 1 1 1 1 1 1 1 1 1 1
13 1 1 1 0 0 1 1 1 1 1
15 1 1 1 1 0 1 0 0 0 0
16 1 1 1 1 0 1 1 1 1 1
30 1 1 1 1 0 1 0 0 0 1
32 1 1 1 1 1 1 1 1 0 1
41 1 1 1 1 0 1 1 1 1 1
45 1 1 1 1 1 1 1 1 0 0
47 1 1 1 1 1 1 1 1 1 0
48 1 1 0 0 0 1 1 1 1 0
66 1 1 0 0 0 1 1 1 0 1
69 1 1 0 0 0 1 1 1 0 1
73 1 1 1 1 0 1 1 1 1 0
76 1 1 1 1 0 1 1 1 1 0
82 1 1 1 0 0 1 1 1 0 1
83 1 1 1 0 0 1 1 1 1 0
87 1 1 1 1 1 1 1 1 1 1
90 1 1 1 0 0 1 1 1 1 1
96 1 1 1 0 0 1 1 1 1 0
97 1 1 1 1 0 1 1 1 0 0
98 1 1 0 0 0 1 1 1 1 0
104 1 1 1 1 1 1 1 1 1 1
112 1 0 0 0 0 1 1 1 0 0
113 1 0 0 0 0 1 1 1 1 0
114 1 1 1 1 0 1 1 1 0 0
130 1 1 1 0 0 1 1 1 1 0
131 1 0 0 0 0 1 1 1 1 1
133 1 1 0 0 0 1 1 0 0 0
134 1 1 1 1 0 1 0 0 0 0
136 1 1 1 1 0 1 1 1 0 0
138 1 1 0 0 0 1 1 0 0 0
141 1 1 1 1 1 1 1 1 0 1
146 1 1 0 0 0 1 1 1 1 0
147 1 0 0 0 0 1 1 1 1 0
153 1 1 1 0 0 1 1 1 1 0
161 1 1 1 1 0 1 1 1 1 1
167 1 0 0 0 0 1 1 1 1 1
175 1 1 0 0 0 1 1 1 0 1
183 1 1 1 1 0 1 1 1 0 0
184 1 1 0 0 0 1 1 1 1 0
186 1 0 0 0 0 1 1 1 1 0
187 1 1 0 0 0 1 1 1 1 1
188 1 1 1 0 0 1 1 1 1 0
190 1 1 1 0 0 1 1 1 1 0
191 1 1 1 1 0 1 1 1 0 1
192 1 0 0 0 0 1 0 0 0 0
196 1 1 0 0 0 1 1 1 1 1
198 1 1 1 1 1 1 1 1 1 0
201 1 1 1 1 0 0 0 0 0 0
206 1 0 0 0 0 1 1 1 1 0
209 1 1 0 0 0 1 1 1 1 1
219 1 1 1 1 0 1 0 0 0 1
221 1 0 0 0 0 1 1 1 1 0
224 1 1 0 0 0 1 0 0 0 0
225 1 0 0 0 0 1 0 0 0 0
226 1 1 0 0 0 0 0 0 0 0
227 1 1 0 0 0 1 1 0 0 0
236 1 1 0 0 0 1 1 1 0 1
237 1 0 0 0 0 1 1 1 0 0
238 1 1 0 0 0 1 1 0 0 0
243 1 0 0 0 0 1 1 1 1 0
249 1 1 1 1 0 1 1 1 1 1
250 1 1 0 0 0 1 1 1 1 0
257 1 0 0 0 0 1 1 0 0 0
265 1 1 1 1 1 1 1 1 1 1
266 1 1 0 0 0 1 1 1 1 0
268 1 0 0 0 0 1 1 1 0 0
269 1 1 1 1 0 1 1 1 0 1
271 1 1 0 0 0 1 1 1 1 0
274 1 1 1 0 0 1 1 0 0 1
275 1 0 0 0 0 1 1 1 0 1
284 1 1 0 0 0 1 1 1 1 0
295 1 1 1 1 0 1 1 1 1 1
308 1 1 0 0 0 1 1 0 0 0
310 1 0 0 0 0 1 1 1 1 0
311 1 1 0 0 0 1 1 1 1 0
315 1 1 1 1 0 1 1 1 0 1
322 1 0 0 0 0 1 1 1 0 1
327 1 1 1 0 0 1 1 1 0 0
332 1 1 1 1 0 1 1 1 1 1
334 1 1 0 0 0 1 1 1 1 0
344 1 0 0 0 0 1 1 1 0 1
345 1 0 0 0 0 1 1 0 0 1
352 1 0 0 0 0 1 1 0 0 0
353 1 1 0 0 0 1 1 0 0 1
356 1 1 1 0 0 1 1 1 1 0
369 1 1 1 0 0 1 1 1 1 0
370 1 1 1 1 0 1 1 1 1 0
373 1 1 0 0 0 1 1 0 0 1
375 1 0 0 0 0 1 1 1 0 1
376 1 1 0 0 0 1 1 1 0 0
385 1 0 0 0 0 1 1 0 0 0
386 1 1 1 1 0 1 1 1 1 0
393 1 1 0 0 0 1 0 0 0 0
397 1 1 0 0 0 1 1 1 1 0
399 1 1 1 0 0 1 1 1 1 1
403 1 0 0 0 0 1 1 1 1 0
412 1 0 0 0 0 1 1 0 0 0
417 1 0 0 0 0 1 1 1 1 0
419 1 0 0 0 0 1 1 1 0 1
421 1 0 0 0 0 1 1 1 1 1
426 1 0 0 0 0 1 0 0 0 0
427 1 0 0 0 0 1 1 1 0 0
432 1 0 0 0 0 1 0 0 0 0
434 1 1 1 1 1 1 1 1 1 1
436 1 1 1 0 0 1 0 0 0 1
443 1 1 1 1 1 1 1 0 0 0
446 1 1 1 0 0 1 1 1 1 0
451 1 1 1 0 0 1 0 0 0 0
455 1 1 1 1 0 1 1 1 0 0
456 1 1 1 0 0 1 1 1 1 1
458 1 0 0 0 0 1 1 1 1 0
459 1 1 1 1 1 1 1 1 1 1
461 1 0 0 0 0 1 1 1 1 0
463 1 1 0 0 0 1 0 0 0 0
464 1 1 1 1 0 1 0 0 0 1
465 1 0 0 0 0 1 1 1 1 1
466 1 1 0 0 0 1 0 0 0 0
471 1 1 1 1 0 1 1 1 1 1
474 1 1 0 0 0 1 1 1 1 1
482 1 0 0 0 0 1 1 1 1 0
486 1 1 1 0 0 1 0 0 0 1
494 1 0 0 0 0 1 1 0 0 0
495 1 0 0 0 0 1 1 1 1 1
497 1 1 0 0 0 1 0 0 0 0
498 1 0 0 0 0 1 1 1 0 0
499 1 1 0 0 0 1 1 0 0 0
502 1 0 0 0 0 1 1 0 0 0
509 1 1 0 0 0 1 1 0 0 0
510 1 1 0 0 0 1 1 1 1 0
517 1 1 1 1 0 1 1 1 0 0
518 1 1 0 0 0 1 1 0 0 0
530 1 0 0 0 0 1 1 1 1 0
533 1 1 0 0 0 1 1 1 1 0
534 1 0 0 0 0 1 1 0 0 0
538 1 1 1 1 0 1 1 1 1 0
539 1 1 1 1 0 1 1 1 1 0
540 1 1 1 1 0 1 1 1 1 1
544 1 0 0 0 0 1 1 0 0 0
548 1 1 1 1 0 1 1 1 1 1
558 1 1 0 0 0 1 1 1 0 0
567 1 0 0 0 0 1 1 1 0 0
572 1 1 0 0 0 1 1 1 1 1
581 1 0 0 0 0 1 1 0 0 0
588 1 1 0 0 0 0 0 0 0 0
590 1 0 0 0 0 1 1 1 0 0
594 1 1 1 1 0 1 1 1 1 0
597 1 0 0 0 0 1 1 1 0 0
618 1 1 1 1 1 1 1 1 1 0
619 1 0 0 0 0 1 1 0 0 0
621 1 1 1 1 1 1 1 1 1 0
629 1 1 0 0 0 1 1 1 1 0
630 1 1 1 1 0 1 1 1 1 1
635 1 1 0 0 0 1 1 1 1 1
641 1 1 1 1 0 1 0 0 0 1
649 1 0 0 0 0 1 1 1 1 0
660 1 1 1 0 0 1 1 1 1 0
663 1 1 1 0 0 1 1 1 0 0
668 1 1 0 0 0 1 1 0 0 1
678 1 0 0 0 0 0 0 0 0 0
683 1 1 0 0 0 1 1 1 1 0
687 1 1 1 0 0 1 1 0 0 1
691 1 0 0 0 0 1 1 0 0 1
696 1 1 0 0 0 1 1 1 0 0
698 1 1 1 0 0 1 1 1 1 1
709 1 0 0 0 0 1 1 1 1 0
715 1 1 0 0 0 1 1 1 1 0
716 1 1 1 1 0 0 0 0 0 0
720 1 1 1 1 1 1 1 1 1 1
723 1 1 0 0 0 1 1 1 1 1
724 1 1 1 0 0 1 1 1 0 0
725 1 1 1 0 0 1 1 1 1 0
726 1 1 0 0 0 1 0 0 0 1
730 1 0 0 0 0 0 0 0 0 0
733 1 0 0 0 0 1 0 0 0 0
734 1 1 1 1 0 1 1 1 1 0
735 1 1 1 1 1 1 1 1 1 0
736 1 0 0 0 0 0 0 0 0 0
740 1 0 0 0 0 1 1 1 0 0
769 1 1 0 0 0 1 1 1 1 0
774 1 1 0 0 0 1 1 1 1 1
779 1 1 1 1 0 1 1 1 1 0
783 1 1 0 0 0 1 1 1 1 0
787 1 0 0 0 0 1 1 1 0 1
789 1 1 1 0 0 1 1 1 0 0
794 1 1 1 1 0 1 1 1 1 1
795 1 0 0 0 0 1 1 1 0 0
796 1 0 0 0 0 1 1 1 1 1
797 1 1 0 0 0 1 0 0 0 0
805 1 0 0 0 0 1 1 1 1 0
825 1 1 1 0 0 1 1 1 0 0
829 1 1 1 0 0 1 1 1 1 0
830 1 1 0 0 0 1 1 1 1 1
840 1 0 0 0 0 1 1 1 1 0
845 1 0 0 0 0 1 1 1 1 1
847 1 0 0 0 0 1 1 0 0 0
860 1 1 1 0 0 1 1 1 1 1
871 1 1 1 1 0 1 1 1 1 0
887 1 1 0 0 0 1 0 0 0 0
920 1 0 0 0 0 1 1 1 1 0
921 1 0 0 0 0 1 0 0 0 0
922 1 0 0 0 0 1 1 1 1 1
937 1 1 0 0 0 1 0 0 0 0
939 1 0 0 0 0 1 1 1 0 1
944 1 0 0 0 0 1 1 0 0 0
956 1 0 0 0 0 1 1 1 1 0
960 1 1 0 0 0 1 1 1 0 0
963 1 0 0 0 0 1 1 1 1 1
973 1 0 0 0 0 1 0 0 0 1
980 1 0 0 0 0 1 1 1 0 0
993 1 1 0 0 0 1 0 0 0 0
1003 1 1 1 1 1 1 1 1 1 0
1009 1 0 0 0 0 0 0 0 0 0
1030 1 1 0 0 0 1 1 0 0 1
1036 1 0 0 0 0 1 1 0 0 0
1037 1 1 0 0 0 1 1 1 0 0
1052 1 0 0 0 0 1 0 0 0 0
1065 1 0 0 0 0 1 0 0 0 0
1088 1 1 0 0 0 1 1 1 0 0
1099 1 1 1 0 0 1 1 1 1 0
1107 1 1 1 0 0 1 1 1 1 0
1109 1 1 1 1 1 1 1 1 1 0
1131 1 1 0 0 0 1 1 1 1 0
1138 1 1 1 0 0 0 0 0 0 1
1161 1 0 0 0 0 1 1 1 1 0
1188 1 1 0 0 0 1 0 0 0 0
1198 1 0 0 0 0 1 0 0 0 0
1201 1 0 0 0 0 1 0 0 0 0
1204 1 0 0 0 0 1 0 0 0 1
1205 1 1 0 0 0 1 1 1 1 0
1215 1 1 0 0 0 1 1 1 0 0
1217 1 0 0 0 0 1 0 0 0 0
1249 1 1 1 1 0 1 1 1 1 1
1350 1 0 0 0 0 1 1 1 1 0
1360 1 0 0 0 0 1 1 1 1 0
1365 1 0 0 0 0 1 0 0 0 0
1367 1 1 0 0 0 1 1 1 0 0
1370 1 0 0 0 0 1 1 0 0 0
1386 1 0 0 0 0 1 1 0 0 0
1392 1 0 0 0 0 1 0 0 0 0
1421 1 0 0 0 0 1 1 1 1 0
1439 1 1 1 0 0 1 1 1 1 1
1460 1 0 0 0 0 0 0 0 0 0
1487 1 0 0 0 0 1 1 1 0 0
1500 1 1 1 0 0 1 1 0 0 0
1520 0 0 0 0 0 1 1 1 1 0
1522 0 0 0 0 0 1 0 0 0 0
1527 0 1 0 0 0 1 1 1 1 1
1529 0 1 0 0 0 1 0 0 0 0
1538 1 1 0 0 0 1 1 1 1 0
1541 0 0 0 0 0 1 1 1 0 0
1542 0 0 0 0 0 0 0 0 0 0
1543 0 0 0 0 0 0 0 0 0 0
1546 0 0 0 0 0 1 0 0 0 1
1550 0 0 0 0 0 1 0 0 0 0
1560 1 0 0 0 0 0 0 0 0 0
1563 0 1 1 1 0 1 0 0 0 0
1564 0 1 1 0 0 1 1 1 1 1
1578 0 0 0 0 0 0 0 0 0 0
1579 0 1 0 0 0 0 0 0 0 0
1584 0 0 0 0 0 1 1 1 1 0
1590 0 0 0 0 0 1 0 0 0 0
1595 1 1 0 0 0 1 0 0 0 0
1610 0 0 0 0 0 1 1 1 0 0
1617 0 0 0 0 0 1 1 1 0 1
1620 0 0 0 0 0 0 0 0 0 0
1630 0 1 0 0 0 0 0 0 0 0
1633 0 0 0 0 0 1 0 0 0 0
1644 0 0 0 0 0 1 1 0 0 0
1647 0 1 0 0 0 1 0 0 0 0
1665 0 0 0 0 0 1 1 1 1 0
1668 0 0 0 0 0 1 1 1 0 0
1674 0 1 0 0 0 1 1 0 0 0
1696 0 0 0 0 0 1 1 0 0 0
1697 0 1 0 0 0 1 0 0 0 0
1718 0 1 0 0 0 0 0 0 0 0
1723 1 0 0 0 0 1 1 1 1 0
1724 0 1 0 0 0 1 1 0 0 0
1729 1 1 0 0 0 1 1 0 0 0
1738 0 1 1 0 0 1 1 0 0 0
1743 0 1 1 0 0 1 1 1 0 0
1744 1 0 0 0 0 1 0 0 0 1
1777 0 0 0 0 0 1 0 0 0 0
1809 0 0 0 0 0 1 0 0 0 0
1814 0 1 1 1 1 1 1 1 1 0
1816 0 1 0 0 0 1 1 1 1 0
1822 0 0 0 0 0 0 0 0 0 0
1828 1 1 1 0 0 1 1 0 0 0
1844 0 1 1 0 0 1 0 0 0 0
1851 0 1 1 0 0 1 0 0 0 0
1857 1 1 0 0 0 1 1 1 0 0
1858 0 1 0 0 0 1 1 1 1 0
1863 1 1 0 0 0 1 0 0 0 0
1872 0 1 0 0 0 0 0 0 0 0
1876 1 0 0 0 0 0 0 0 0 0
1877 0 1 0 0 0 1 1 1 0 0
1878 0 1 0 0 0 0 0 0 0 0
1883 0 0 0 0 0 1 0 0 0 0
1884 1 1 1 1 0 1 1 0 0 0
1897 0 1 0 0 0 1 1 1 0 0
1917 0 1 0 0 0 1 1 1 0 1
1918 1 1 0 0 0 1 0 0 0 0
1919 0 1 0 0 0 1 1 1 1 0
1920 0 1 1 1 0 1 1 1 1 1
1921 0 1 0 0 0 1 1 0 0 0
1933 1 1 0 0 0 1 1 1 1 0
1940 0 0 0 0 0 0 0 0 0 0
1945 1 1 0 0 0 1 1 1 0 0
1956 0 1 0 0 0 1 0 0 0 0
1963 0 0 0 0 0 1 1 1 1 0
1983 0 0 0 0 0 1 0 0 0 0
1995 0 0 0 0 0 1 0 0 0 0
1996 0 1 0 0 0 1 1 1 1 0
1999 1 1 1 1 0 1 1 1 1 1
2012 0 1 1 0 0 1 1 1 1 0
2013 0 0 0 0 0 0 0 0 0 0
2018 0 0 0 0 0 0 0 0 0 1
2038 0 0 0 0 0 1 0 0 0 0
2067 0 0 0 0 0 1 1 0 0 0
2069 1 0 0 0 0 1 1 0 0 1
2083 0 1 1 1 0 1 1 1 0 0
2092 1 0 0 0 0 1 0 0 0 1
2096 0 1 1 1 0 1 0 0 0 0
2099 0 1 1 0 0 1 1 1 0 0
2142 1 0 0 0 0 0 0 0 0 0
2150 0 1 1 1 0 1 1 1 1 0
2152 0 1 0 0 0 1 1 1 0 1
2166 0 0 0 0 0 0 0 0 0 0
2185 0 1 1 0 0 1 1 1 1 0
2229 0 1 1 0 0 1 0 0 0 0
2243 0 0 0 0 0 1 1 0 0 0
2257 0 1 0 0 0 1 1 1 0 0
2263 0 0 0 0 0 1 1 1 1 0
2267 0 1 0 0 0 1 0 0 0 0
2312 0 0 0 0 0 1 1 1 0 0
2313 0 1 0 0 0 1 0 0 0 1
2337 0 0 0 0 0 1 1 1 1 0
2375 0 1 0 0 0 1 1 0 0 0
2390 0 0 0 0 0 1 0 0 0 0
2391 0 1 0 0 0 1 1 0 0 0
2415 0 0 0 0 0 1 0 0 0 0
2416 0 1 0 0 0 1 1 1 1 0
2429 0 1 0 0 0 1 1 1 1 0
2430 0 0 0 0 0 0 0 0 0 0
2446 0 0 0 0 0 1 1 1 1 0
2464 0 1 1 0 0 1 1 1 0 0
2488 0 1 1 0 0 1 1 1 0 0
2502 0 1 0 0 0 1 0 0 0 0
2521 0 1 0 0 0 0 0 0 0 0
2570 0 1 0 0 0 1 0 0 0 0
2577 0 0 0 0 0 1 1 1 1 0
2596 0 0 0 0 0 1 1 1 1 0
2599 0 1 0 0 0 1 0 0 0 0
2661 0 1 0 0 0 1 1 0 0 1
2729 0 0 0 0 0 1 1 1 0 0
