59 1 1 1 1 1 1 1 1 1 1 0 0 1 1
115 1 1 1 1 1 1 1 1 1 1 1 0 1 1
156 1 1 1 1 1 1 1 1 1 1 0 0 1 0
268 1 1 1 1 1 1 1 1 1 1 1 0 1 0
329 1 1 0 0 0 0 0 0 0 0 0 0 1 1
353 1 1 1 1 1 1 1 1 1 0 0 1 0 0
365 1 1 1 1 1 1 1 1 1 1 0 0 0 1
377 0 1 1 1 1 1 1 0 0 0 0 1 0 1
421 0 1 1 1 0 0 0 0 0 0 0 0 0 1
431 1 1 1 1 0 0 0 0 0 0 0 0 1 1
448 0 1 1 1 1 0 0 0 0 0 0 1 1 0
464 1 1 1 1 1 1 0 0 0 0 0 0 0 0
475 1 1 1 1 1 1 1 1 0 0 0 0 0 0
477 0 1 1 1 1 1 1 1 1 0 0 0 1 1
563 1 1 1 1 1 0 0 0 0 0 0 1 0 0
638 1 1 1 1 1 1 0 0 0 0 0 1 1 0
744 0 1 1 0 0 0 0 0 0 0 0 1 0 1
769 0 1 1 1 1 1 1 1 0 0 0 0 0 0
770 0 1 1 1 1 1 1 0 0 0 0 0 0 1
803 0 0 0 0 0 0 0 0 0 0 0 1 1 1
855 0 1 0 0 0 0 0 0 0 0 0 1 1 0
1040 0 0 0 0 0 0 0 0 0 0 0 0 1 0
1106 0 1 1 0 0 0 0 0 0 0 0 1 1 1
1129 0 1 1 1 1 0 0 0 0 0 0 1 0 1
1206 0 1 0 0 0 0 0 0 0 0 0 0 0 1
1227 0 1 1 1 1 1 1 0 0 0 0 1 0 0
