41 1 1 1 1 1 1 1 1 1 1 0 1 1 0 1 1
51 1 1 1 1 1 1 1 1 1 1 1 1 0 0 1 0
71 1 1 1 1 1 1 1 0 0 0 0 1 1 1 0 0
77 1 1 1 1 1 1 1 1 0 0 0 1 0 0 0 0
110 1 1 1 1 1 1 0 0 0 0 0 1 0 0 0 0
130 1 1 1 1 1 0 0 0 0 0 0 1 0 0 0 0
131 1 1 1 1 1 1 1 0 0 0 0 1 1 1 0 0
140 1 1 1 1 1 1 1 1 1 1 1 0 1 1 1 0
179 1 1 1 1 1 1 1 1 1 1 1 1 1 0 0 0
186 1 1 1 1 1 1 1 1 1 0 0 1 0 1 0 0
191 1 1 1 1 1 1 1 1 1 1 0 0 0 0 0 1
198 1 1 0 0 0 0 0 0 0 0 0 1 1 1 1 1
207 1 1 1 1 1 1 1 1 1 0 0 1 0 1 0 1
216 1 1 1 1 1 1 1 0 0 0 0 1 0 0 0 0
223 1 1 1 1 1 1 1 1 1 1 0 1 1 0 0 1
264 1 1 1 1 0 0 0 0 0 0 0 1 0 1 0 0
264 1 1 1 1 1 1 1 1 0 0 0 1 0 0 0 0
304 1 1 1 1 1 1 1 1 1 0 0 1 0 1 1 0
321 1 1 1 0 0 0 0 0 0 0 0 1 0 1 0 0
326 1 1 1 1 1 1 0 0 0 0 0 1 0 1 0 0
334 1 1 1 1 1 1 1 1 1 0 0 1 1 0 0 1
348 1 1 1 1 1 1 1 1 1 1 0 1 1 0 0 1
388 1 1 1 1 1 1 1 1 1 1 1 1 1 0 1 1
400 1 1 1 1 1 1 1 1 1 0 0 1 1 0 0 0
460 1 1 1 1 1 0 0 0 0 0 0 1 0 1 0 0
515 1 1 1 1 1 1 1 1 0 0 0 1 1 1 1 0
533 0 1 1 1 1 1 1 1 0 0 0 0 1 1 0 1
549 1 1 1 1 0 0 0 0 0 0 0 1 0 0 0 0
552 1 1 1 1 1 1 0 0 0 0 0 0 0 1 0 1
597 1 1 1 1 1 0 0 0 0 0 0 1 0 1 0 1
611 1 1 1 1 1 1 1 1 1 1 1 0 0 1 0 1
673 1 1 1 1 1 1 1 1 0 0 0 1 1 1 1 0
694 1 1 1 1 1 0 0 0 0 0 0 1 1 1 0 0
708 1 1 1 1 1 1 1 1 1 0 0 1 0 1 0 1
732 0 1 1 0 0 0 0 0 0 0 0 1 1 1 0 1
733 1 1 0 0 0 0 0 0 0 0 0 1 0 1 0 1
737 0 1 1 0 0 0 0 0 0 0 0 1 1 1 0 0
750 1 1 1 1 1 1 1 0 0 0 0 1 1 1 0 0
762 1 1 1 1 1 1 1 1 1 1 0 0 1 1 0 0
769 1 1 1 1 1 1 1 0 0 0 0 1 0 1 0 1
786 1 1 1 1 1 0 0 0 0 0 0 1 0 1 0 1
788 0 0 0 0 0 0 0 0 0 0 0 1 0 1 1 0
790 1 1 0 0 0 0 0 0 0 0 0 1 0 1 0 1
797 1 1 1 1 1 1 1 1 1 0 0 1 0 1 1 1
799 1 1 1 1 1 1 1 1 1 1 0 0 1 1 0 1
824 1 1 1 1 1 1 1 0 0 0 0 1 1 0 0 0
837 0 1 1 0 0 0 0 0 0 0 0 1 0 1 0 0
839 0 1 0 0 0 0 0 0 0 0 0 1 1 1 1 1
850 1 1 1 1 1 1 1 1 1 1 0 1 0 1 0 0
853 1 1 1 1 1 1 1 1 1 0 0 1 0 1 0 1
859 1 1 1 1 1 0 0 0 0 0 0 1 0 1 1 0
877 0 1 0 0 0 0 0 0 0 0 0 0 1 1 1 1
890 1 1 1 1 1 1 1 1 1 1 0 0 0 1 0 1
901 0 1 1 0 0 0 0 0 0 0 0 1 1 1 1 1
904 1 1 1 1 1 1 1 1 1 0 0 1 1 1 0 1
930 1 1 1 1 1 1 1 1 1 1 0 1 0 1 0 1
939 0 1 1 1 1 1 1 1 1 1 0 1 1 1 1 1
943 1 1 1 1 1 1 1 0 0 0 0 1 0 1 0 1
971 1 1 1 1 1 0 0 0 0 0 0 1 1 1 0 0
974 1 1 0 0 0 0 0 0 0 0 0 1 0 1 0 1
980 1 1 1 1 1 1 0 0 0 0 0 1 1 1 0 0
994 0 1 1 1 1 1 1 1 1 0 0 1 0 1 1 1
999 1 1 1 1 1 1 1 1 1 0 0 0 1 1 1 1
1000 1 1 1 1 1 1 1 1 1 1 0 1 1 1 0 1
1012 1 1 1 1 1 1 1 1 1 1 1 0 1 1 1 1
1030 0 1 1 1 1 1 1 1 1 1 0 1 0 1 1 1
1037 1 1 1 1 0 0 0 0 0 0 0 1 1 1 0 0
1067 0 1 1 1 1 1 0 0 0 0 0 1 0 1 0 1
1077 1 1 1 1 1 1 1 0 0 0 0 0 1 1 0 1
1080 1 1 1 0 0 0 0 0 0 0 0 1 0 1 1 1
1083 1 1 1 1 1 1 0 0 0 0 0 1 1 1 0 0
1084 0 1 1 1 1 0 0 0 0 0 0 1 0 1 0 1
1149 0 0 0 0 0 0 0 0 0 0 0 1 0 1 1 1
1152 1 1 1 1 1 1 1 1 1 1 1 0 1 1 0 1
1153 0 1 1 1 1 1 1 1 1 0 0 1 1 1 0 1
1165 1 1 1 1 1 1 1 1 1 0 0 1 0 1 0 0
1170 1 1 1 1 1 1 0 0 0 0 0 1 1 1 0 0
1191 1 1 1 1 0 0 0 0 0 0 0 1 1 0 0 0
1191 1 1 1 1 1 1 1 1 0 0 0 1 1 0 0 1
1212 1 1 0 0 0 0 0 0 0 0 0 1 0 1 1 1
1216 0 1 1 1 0 0 0 0 0 0 0 1 0 1 0 0
1216 0 1 1 1 1 1 1 1 0 0 0 1 0 1 0 1
1217 1 1 1 1 1 1 1 1 0 0 0 0 0 0 0 1
1230 0 1 0 0 0 0 0 0 0 0 0 1 1 1 1 1
1234 0 1 1 1 1 1 1 1 1 0 0 1 1 1 1 0
1235 1 1 1 1 1 1 1 1 1 1 0 1 1 1 1 0
1250 0 1 1 1 1 1 1 1 1 0 0 1 0 1 0 0
1271 0 1 0 0 0 0 0 0 0 0 0 1 1 1 1 1
1293 0 1 0 0 0 0 0 0 0 0 0 1 1 1 1 1
1295 0 1 1 1 0 0 0 0 0 0 0 1 0 1 1 1
1297 1 1 1 1 1 1 0 0 0 0 0 0 1 1 0 1
1300 0 1 1 1 1 1 1 0 0 0 0 1 0 1 0 1
1301 0 1 0 0 0 0 0 0 0 0 0 1 0 1 0 0
1302 0 1 1 1 1 1 1 1 1 0 0 0 1 1 0 1
1320 0 1 1 1 1 1 1 1 1 0 0 1 0 1 0 0
1321 0 0 0 0 0 0 0 0 0 0 0 1 0 1 1 1
1329 0 1 1 1 1 1 0 0 0 0 0 0 0 1 0 1
1349 0 1 1 0 0 0 0 0 0 0 0 1 1 1 1 1
1350 1 1 0 0 0 0 0 0 0 0 0 1 1 1 0 1
1356 1 1 1 1 1 1 1 1 1 0 0 1 0 1 0 1
1360 1 1 1 1 1 1 1 1 1 1 0 0 1 1 1 1
1363 0 1 1 1 0 0 0 0 0 0 0 1 0 1 1 1
1363 0 1 1 1 1 1 1 1 1 1 0 1 1 1 1 1
1401 0 1 1 1 1 0 0 0 0 0 0 1 1 1 1 1
1408 0 1 1 0 0 0 0 0 0 0 0 1 1 1 0 0
1412 0 1 1 1 1 0 0 0 0 0 0 1 1 1 1 1
1413 1 1 1 1 0 0 0 0 0 0 0 1 0 1 0 0
1418 0 1 1 1 1 0 0 0 0 0 0 1 0 1 1 1
1420 0 0 0 0 0 0 0 0 0 0 0 1 0 1 1 1
1427 1 0 0 0 0 0 0 0 0 0 0 1 0 1 0 1
1433 0 1 1 1 1 1 1 1 0 0 0 1 0 1 1 1
1434 0 1 0 0 0 0 0 0 0 0 0 1 0 1 1 1
1434 1 1 1 0 0 0 0 0 0 0 0 1 1 0 0 0
1435 0 0 0 0 0 0 0 0 0 0 0 1 1 1 0 1
1444 1 1 1 1 1 1 1 0 0 0 0 1 0 1 0 0
1447 0 1 1 1 1 0 0 0 0 0 0 1 1 1 1 1
1455 0 1 0 0 0 0 0 0 0 0 0 1 0 1 0 1
1457 0 1 1 1 1 1 1 1 1 0 0 1 1 1 1 1
1481 0 1 1 1 1 1 0 0 0 0 0 1 1 1 1 1
1487 1 1 1 1 1 1 1 1 1 1 0 1 0 1 0 1
1492 1 1 1 0 0 0 0 0 0 0 0 1 1 1 0 0
1504 0 1 1 0 0 0 0 0 0 0 0 1 0 1 0 0
1525 0 1 1 0 0 0 0 0 0 0 0 1 1 1 1 1
1536 1 1 1 1 1 0 0 0 0 0 0 0 0 1 1 1
1542 0 1 1 1 0 0 0 0 0 0 0 1 0 1 0 0
1558 0 1 1 1 1 0 0 0 0 0 0 1 0 1 1 0
1568 0 0 0 0 0 0 0 0 0 0 0 1 1 1 0 0
1569 0 1 1 1 1 1 0 0 0 0 0 1 0 1 0 1
1576 1 1 1 1 1 1 1 1 1 1 1 1 1 1 1 0
1592 0 1 1 0 0 0 0 0 0 0 0 1 1 1 1 1
1614 0 1 1 1 1 1 1 1 0 0 0 1 1 1 1 1
1614 0 1 1 1 1 1 1 1 1 0 0 1 1 1 1 1
1615 0 1 1 1 1 1 1 1 1 0 0 1 0 1 0 1
1656 0 1 1 1 1 1 1 1 1 1 1 0 0 1 0 1
1657 1 1 1 1 1 1 1 0 0 0 0 1 1 1 0 0
1666 0 1 1 1 0 0 0 0 0 0 0 1 0 1 0 1
1677 0 1 1 1 1 1 1 0 0 0 0 1 0 1 0 0
1682 1 1 1 1 1 1 1 1 1 0 0 0 1 1 0 1
1690 1 1 1 1 0 0 0 0 0 0 0 1 1 1 1 0
1690 1 1 1 1 1 0 0 0 0 0 0 1 1 1 0 1
1701 0 0 0 0 0 0 0 0 0 0 0 1 1 1 1 1
1702 0 1 1 1 1 1 1 0 0 0 0 1 1 1 1 1
1735 0 1 0 0 0 0 0 0 0 0 0 1 0 1 0 0
1741 1 1 1 1 1 1 1 0 0 0 0 1 1 1 0 1
1765 0 1 1 1 1 1 1 1 1 1 1 0 1 0 0 0
1769 0 1 1 0 0 0 0 0 0 0 0 1 0 1 0 1
1770 0 1 1 1 1 1 1 1 1 1 1 1 1 1 0 0
1776 0 1 0 0 0 0 0 0 0 0 0 1 0 1 1 1
1783 0 1 1 1 1 0 0 0 0 0 0 1 1 1 1 0
1785 0 1 1 1 1 1 1 1 0 0 0 1 0 1 0 1
1786 1 1 1 1 1 1 1 1 1 1 1 1 0 1 0 1
1790 0 1 1 1 1 0 0 0 0 0 0 1 0 1 0 1
1810 0 1 1 1 1 1 1 1 1 1 0 1 1 1 0 1
1827 1 1 1 1 1 1 1 0 0 0 0 1 1 1 0 0
1831 0 1 1 1 1 1 1 1 0 0 0 1 1 1 1 1
1832 0 1 1 1 1 1 1 1 0 0 0 1 0 1 0 1
1847 1 1 0 0 0 0 0 0 0 0 0 1 0 1 0 0
1874 0 1 1 1 1 1 1 1 1 1 0 1 0 1 1 1
1882 0 0 0 0 0 0 0 0 0 0 0 1 0 1 0 1
1882 0 1 1 1 1 1 1 1 1 0 0 1 1 1 0 1
1908 0 1 1 0 0 0 0 0 0 0 0 1 1 1 0 0
1925 1 1 1 1 1 1 1 1 0 0 0 1 1 1 0 0
1932 0 1 1 1 0 0 0 0 0 0 0 1 1 1 0 0
1945 0 1 1 0 0 0 0 0 0 0 0 1 1 1 1 1
1951 0 1 1 1 1 1 0 0 0 0 0 1 1 1 0 1
1967 0 1 0 0 0 0 0 0 0 0 0 1 0 1 1 1
1978 0 1 1 1 1 1 1 1 0 0 0 1 0 1 0 1
1979 0 1 0 0 0 0 0 0 0 0 0 1 0 1 0 0
2022 0 1 1 0 0 0 0 0 0 0 0 1 1 1 1 1
2033 0 1 0 0 0 0 0 0 0 0 0 0 1 1 1 1
2050 0 1 1 1 1 1 1 1 0 0 0 1 0 1 0 1
2055 1 1 1 1 1 1 1 0 0 0 0 1 1 1 1 1
2081 1 1 1 1 1 1 0 0 0 0 0 1 1 0 1 1
2090 1 1 1 1 1 1 1 1 1 1 0 1 0 1 1 1
2105 1 1 1 0 0 0 0 0 0 0 0 1 1 1 0 0
2106 0 1 1 1 1 0 0 0 0 0 0 1 0 1 0 1
2157 0 1 1 1 0 0 0 0 0 0 0 1 0 1 1 1
2168 0 1 1 1 1 1 1 1 1 0 0 1 1 1 1 1
2170 0 1 0 0 0 0 0 0 0 0 0 1 1 1 1 1
2171 0 1 1 1 1 1 1 1 1 1 1 1 1 1 1 1
2176 0 1 1 1 1 0 0 0 0 0 0 1 0 1 1 1
2178 0 1 1 1 1 1 0 0 0 0 0 1 1 1 1 0
2195 0 1 1 1 1 1 1 0 0 0 0 1 0 1 1 1
2216 0 1 1 1 1 1 1 0 0 0 0 1 0 1 0 0
2221 0 1 0 0 0 0 0 0 0 0 0 1 0 1 0 1
2224 0 1 1 1 1 1 0 0 0 0 0 0 0 1 0 1
2224 1 1 1 0 0 0 0 0 0 0 0 1 1 1 0 0
2241 0 1 1 0 0 0 0 0 0 0 0 1 0 1 1 1
2255 0 1 1 1 1 1 1 1 1 1 0 1 1 1 1 1
2256 1 1 1 1 1 0 0 0 0 0 0 1 1 1 0 1
2272 0 1 1 1 1 1 1 1 1 1 0 1 1 1 1 1
2288 1 1 1 1 1 1 0 0 0 0 0 1 1 1 0 1
2294 0 1 1 0 0 0 0 0 0 0 0 1 0 1 0 1
2297 1 1 1 1 1 1 1 1 0 0 0 1 1 1 0 1
2301 0 1 1 1 1 1 0 0 0 0 0 1 0 1 1 0
2318 0 0 0 0 0 0 0 0 0 0 0 1 0 1 1 0
2330 0 0 0 0 0 0 0 0 0 0 0 1 1 1 0 1
2332 0 1 1 1 1 1 1 1 1 1 0 1 1 1 0 1
2350 0 1 1 0 0 0 0 0 0 0 0 1 1 1 1 1
2357 0 1 0 0 0 0 0 0 0 0 0 1 0 1 1 0
2363 0 1 1 1 1 1 1 1 1 0 0 1 1 1 0 0
2365 0 1 1 1 0 0 0 0 0 0 0 1 1 1 1 1
2386 1 1 1 1 1 1 0 0 0 0 0 0 1 1 1 1
2400 1 1 1 1 0 0 0 0 0 0 0 1 1 1 1 0
2419 1 1 1 1 1 1 1 1 0 0 0 1 0 1 0 1
2443 0 1 1 1 1 1 1 0 0 0 0 1 1 1 0 1
2449 0 1 1 1 0 0 0 0 0 0 0 1 1 1 1 1
2452 0 1 1 0 0 0 0 0 0 0 0 1 0 1 1 1
2456 0 1 1 1 1 1 0 0 0 0 0 1 0 1 0 1
2466 1 1 1 1 1 1 1 0 0 0 0 1 0 1 1 1
2468 0 1 1 1 1 0 0 0 0 0 0 1 0 1 0 1
2475 0 1 0 0 0 0 0 0 0 0 0 1 1 1 1 1
2503 1 1 1 1 1 1 1 1 1 1 0 1 0 1 0 1
2504 0 1 1 1 0 0 0 0 0 0 0 1 0 1 1 1
2504 0 1 1 1 1 1 1 1 0 0 0 1 1 1 1 0
2527 0 1 1 1 1 0 0 0 0 0 0 1 1 1 1 1
2540 1 1 1 1 1 1 1 1 1 1 0 1 1 1 0 0
2555 0 1 1 1 1 1 1 1 1 0 0 1 1 1 0 1
2556 0 1 1 1 0 0 0 0 0 0 0 1 1 1 0 0
2563 0 1 1 1 0 0 0 0 0 0 0 1 0 1 1 1
2573 0 1 1 1 0 0 0 0 0 0 0 1 0 1 0 1
2574 0 1 1 1 1 1 1 0 0 0 0 1 1 1 1 1
2576 0 1 1 1 1 0 0 0 0 0 0 1 0 1 1 1
2580 0 1 1 1 1 1 1 1 1 1 1 1 1 1 1 1
2583 1 1 1 1 1 1 0 0 0 0 0 1 1 1 1 1
2598 1 1 1 1 1 1 1 0 0 0 0 1 1 1 0 1
2609 0 1 1 1 1 1 1 1 0 0 0 1 0 1 1 1
2615 0 1 0 0 0 0 0 0 0 0 0 1 0 1 1 1
2624 0 1 1 1 1 1 1 0 0 0 0 1 0 1 1 1
2644 0 1 1 1 1 1 1 1 0 0 0 1 1 1 1 1
2657 0 0 0 0 0 0 0 0 0 0 0 1 1 1 0 0
2666 0 1 1 1 0 0 0 0 0 0 0 1 0 1 0 0
2689 1 0 0 0 0 0 0 0 0 0 0 0 1 1 1 1
2692 0 1 1 1 1 1 0 0 0 0 0 1 1 1 1 1
2713 0 1 1 1 1 0 0 0 0 0 0 1 0 1 0 1
2721 0 1 1 0 0 0 0 0 0 0 0 1 0 1 0 1
2769 1 1 1 1 1 1 0 0 0 0 0 1 0 1 1 1
2772 0 1 1 1 1 1 1 1 1 0 0 1 0 1 1 1
2796 1 1 1 1 1 1 1 1 1 1 0 0 0 1 1 1
2797 0 1 1 1 0 0 0 0 0 0 0 1 0 1 1 1
2835 0 1 1 1 1 1 0 0 0 0 0 1 0 1 1 1
2847 1 1 1 1 1 0 0 0 0 0 0 1 0 1 1 1
2863 0 1 1 1 1 1 0 0 0 0 0 1 1 1 1 1
2870 0 1 1 1 1 1 1 1 0 0 0 1 1 1 1 1
2891 0 1 0 0 0 0 0 0 0 0 0 1 0 1 1 0
2944 0 1 1 0 0 0 0 0 0 0 0 1 1 1 1 1
2976 0 1 1 1 1 1 0 0 0 0 0 1 0 1 1 0
2990 0 1 1 1 1 1 1 1 1 1 0 1 1 1 1 1
2995 0 1 1 1 1 1 1 1 1 1 1 1 1 1 1 1
3050 0 1 1 1 1 0 0 0 0 0 0 1 1 1 1 1
3059 0 1 1 1 1 1 1 0 0 0 0 1 1 1 0 1
3069 0 1 1 1 1 1 1 0 0 0 0 0 1 1 0 1
3086 1 1 1 1 0 0 0 0 0 0 0 1 1 1 1 1
3090 1 1 1 1 1 1 1 1 1 0 0 1 0 0 1 1
3092 0 1 0 0 0 0 0 0 0 0 0 1 0 1 0 1
3098 0 1 1 1 1 1 1 1 0 0 0 1 1 1 1 1
3099 0 1 1 1 1 1 1 1 0 0 0 1 1 1 1 1
3149 0 1 1 1 0 0 0 0 0 0 0 1 0 1 1 1
3150 0 1 1 1 0 0 0 0 0 0 0 1 1 1 1 1
3170 1 1 1 1 1 1 0 0 0 0 0 1 0 1 1 1
3222 1 1 1 1 1 1 1 1 1 1 1 1 1 0 0 1
3239 0 1 1 1 1 1 1 1 1 1 0 1 1 1 0 1
3244 1 1 0 0 0 0 0 0 0 0 0 1 0 1 0 0
3255 0 1 1 1 0 0 0 0 0 0 0 1 0 1 1 1
3282 1 1 1 1 1 1 1 0 0 0 0 1 1 1 0 1
3297 0 1 1 1 1 1 1 1 0 0 0 1 1 1 1 1
3336 0 1 1 1 1 1 1 1 1 0 0 1 1 1 1 0
3358 1 1 1 1 1 0 0 0 0 0 0 1 0 1 0 1
3388 0 1 1 1 1 1 1 1 1 1 0 1 0 1 1 1
3395 1 1 1 1 1 1 1 0 0 0 0 0 0 1 1 1
3422 0 1 1 1 0 0 0 0 0 0 0 1 0 1 1 0
3428 1 1 0 0 0 0 0 0 0 0 0 1 0 1 0 0
3445 0 1 1 1 1 1 1 1 1 1 0 0 0 1 0 0
3445 1 1 1 1 1 1 1 1 0 0 0 1 0 1 0 0
3458 0 1 1 1 1 1 1 1 0 0 0 1 1 1 1 1
3574 1 1 1 1 1 1 1 1 1 1 0 1 1 1 1 1
3577 0 1 1 1 1 0 0 0 0 0 0 1 0 1 1 1
3581 0 1 1 1 0 0 0 0 0 0 0 1 0 1 1 1
3584 1 1 1 1 1 1 1 1 1 1 0 1 1 1 1 1
3611 0 1 1 1 1 1 1 1 0 0 0 1 0 1 1 1
3672 0 1 1 0 0 0 0 0 0 0 0 1 0 1 1 1
3707 0 1 1 1 1 0 0 0 0 0 0 1 1 1 0 1
3762 1 1 1 1 1 1 1 0 0 0 0 1 0 1 0 0
3820 0 1 1 1 1 0 0 0 0 0 0 0 0 1 1 1
3823 0 0 0 0 0 0 0 0 0 0 0 1 1 1 1 1
3839 1 1 1 0 0 0 0 0 0 0 0 1 0 1 0 1
3850 0 1 1 1 1 1 0 0 0 0 0 1 1 1 1 1
3853 1 1 1 1 1 1 1 0 0 0 0 1 0 1 1 1
3913 0 1 0 0 0 0 0 0 0 0 0 1 1 1 1 1
3933 0 1 1 1 1 1 1 0 0 0 0 1 1 1 1 1
3992 0 1 1 0 0 0 0 0 0 0 0 1 1 1 1 1
4025 0 1 1 0 0 0 0 0 0 0 0 1 0 1 1 1
4032 0 1 1 1 1 1 1 1 0 0 0 1 0 1 1 1
4039 0 0 0 0 0 0 0 0 0 0 0 1 1 1 1 1
4050 0 1 1 1 1 1 1 1 0 0 0 1 1 1 0 1
4079 1 1 1 1 0 0 0 0 0 0 0 0 1 1 0 1
4127 0 1 1 1 0 0 0 0 0 0 0 1 0 1 1 1
4184 0 0 0 0 0 0 0 0 0 0 0 1 0 1 1 1
4190 0 1 1 0 0 0 0 0 0 0 0 1 0 1 1 1
4191 1 1 1 1 1 0 0 0 0 0 0 0 1 1 0 1
4196 0 1 1 1 1 1 0 0 0 0 0 1 0 1 0 1
4232 0 1 1 1 1 1 0 0 0 0 0 1 1 1 0 1
4256 0 1 1 1 0 0 0 0 0 0 0 0 0 1 1 1
4365 0 1 1 1 1 1 1 1 1 0 0 1 1 1 1 1
4427 0 1 1 1 1 1 0 0 0 0 0 0 0 1 1 1
4453 0 1 0 0 0 0 0 0 0 0 0 1 0 1 0 0
4459 0 1 1 1 0 0 0 0 0 0 0 0 1 1 1 1
4467 0 1 1 1 1 0 0 0 0 0 0 1 1 1 1 1
4500 0 1 1 1 1 1 1 1 0 0 0 1 1 1 0 0
4509 0 1 1 1 1 1 1 1 1 1 0 1 0 1 1 1
4523 0 1 1 1 1 1 1 0 0 0 0 1 0 1 0 1
4556 0 1 1 1 1 1 0 0 0 0 0 1 1 1 1 1
