0.3 1 1 1 0 0 0 0 0 0 0 0 1 1 1 0 0 0 1 1
0.6 1 1 1 1 1 1 1 1 1 0 0 1 1 1 1 1 0 0 1
0.83 1 1 1 0 0 0 0 0 0 0 0 1 1 1 0 0 0 0 1
1.33 1 1 1 1 1 1 1 1 1 1 0 1 1 1 1 1 1 1 1
1.43 1 0 0 0 0 0 0 0 0 0 0 1 1 1 0 0 1 0 1
1.47 0 1 1 1 0 0 0 0 0 0 0 0 0 0 0 0 1 0 1
1.47 0 1 1 1 0 0 0 0 0 0 0 1 1 0 0 0 1 0 0
1.47 0 1 1 1 0 0 0 0 0 0 0 1 1 0 0 0 1 0 0
1.47 0 1 1 1 0 0 0 0 0 0 0 1 1 1 0 0 1 0 1
1.5 1 1 0 0 0 0 0 0 0 0 0 1 1 1 1 1 1 1 1
1.5 1 1 1 1 1 1 1 1 0 0 0 1 1 0 0 0 1 1 0
1.57 1 1 1 1 1 1 1 1 1 1 0 1 1 0 0 0 0 1 1
1.63 1 1 1 0 0 0 0 0 0 0 0 1 1 1 0 0 1 0 1
1.63 1 1 1 1 1 1 0 0 0 0 0 1 1 1 0 0 1 0 1
1.7 1 1 0 0 0 0 0 0 0 0 0 0 0 0 0 0 1 0 1
1.7 1 1 0 0 0 0 0 0 0 0 0 1 1 1 0 0 1 0 0
1.7 1 1 1 1 1 1 1 1 0 0 0 1 1 1 0 0 1 0 1
1.73 1 1 1 1 0 0 0 0 0 0 0 1 1 1 0 0 1 1 0
1.77 1 1 1 1 0 0 0 0 0 0 0 1 1 0 0 0 0 0 0
1.8 1 1 0 0 0 0 0 0 0 0 0 1 1 1 1 1 1 1 1
1.9 1 1 1 0 0 0 0 0 0 0 0 1 1 1 0 0 1 0 0
1.97 1 1 1 1 0 0 0 0 0 0 0 1 1 0 0 0 1 1 1
2.1 1 0 0 0 0 0 0 0 0 0 0 1 1 1 0 0 1 1 0
2.17 1 1 1 1 0 0 0 0 0 0 0 1 1 1 1 1 0 0 1
2.67 1 1 1 1 1 1 1 1 1 1 0 1 1 1 1 1 1 1 1
2.7 0 0 0 0 0 0 0 0 0 0 0 1 1 1 1 1 1 0 1
2.7 1 0 0 0 0 0 0 0 0 0 0 1 1 1 0 0 1 0 0
2.83 1 0 0 0 0 0 0 0 0 0 0 1 1 1 1 0 0 0 1
2.9 1 1 1 1 1 1 1 0 0 0 0 1 1 1 0 0 1 0 1
3.67 0 1 1 1 1 1 1 1 1 0 0 1 1 0 0 0 0 0 0
3.67 1 1 1 1 1 1 1 1 1 0 0 1 1 1 0 0 0 0 1
4.1 1 1 1 1 1 0 0 0 0 0 0 1 0 0 0 0 0 1 0
4.27 1 1 1 1 1 0 0 0 0 0 0 1 1 1 0 0 0 0 1
4.3 1 0 0 0 0 0 0 0 0 0 0 1 1 1 1 1 1 1 1
4.97 1 1 1 1 1 1 1 1 1 0 0 1 1 0 0 0 1 1 1
5.33 1 1 0 0 0 0 0 0 0 0 0 1 1 0 0 0 0 1 1
5.43 1 1 0 0 0 0 0 0 0 0 0 1 1 1 1 0 1 1 1
5.67 1 1 1 0 0 0 0 0 0 0 0 1 1 1 1 1 0 1 0
5.73 1 1 1 1 1 0 0 0 0 0 0 1 1 0 0 0 1 1 0
5.77 1 1 1 1 1 1 1 1 1 1 0 1 1 1 0 0 1 1 0
5.83 1 1 1 1 1 1 1 1 0 0 0 1 1 1 1 0 1 1 1
5.9 0 1 0 0 0 0 0 0 0 0 0 1 1 1 0 0 1 1 0
5.9 0 1 0 0 0 0 0 0 0 0 0 1 1 1 1 1 1 1 1
5.9 1 1 1 0 0 0 0 0 0 0 0 1 1 1 1 0 0 1 0
6.1 1 0 0 0 0 0 0 0 0 0 0 1 1 1 0 0 0 1 0
6.13 1 1 0 0 0 0 0 0 0 0 0 1 1 1 1 1 1 1 0
6.2 1 1 1 1 0 0 0 0 0 0 0 1 0 0 0 0 1 1 1
6.3 1 0 0 0 0 0 0 0 0 0 0 1 1 0 0 0 1 0 0
6.53 1 0 0 0 0 0 0 0 0 0 0 1 1 1 1 0 0 1 1
6.57 1 1 1 0 0 0 0 0 0 0 0 1 1 1 0 0 0 1 0
6.57 1 1 1 1 1 0 0 0 0 0 0 1 1 0 0 0 0 0 1
6.9 1 1 1 0 0 0 0 0 0 0 0 1 1 1 0 0 1 1 1
7.07 1 1 1 1 1 0 0 0 0 0 0 1 1 1 0 0 0 0 0
7.1 0 0 0 0 0 0 0 0 0 0 0 1 0 0 0 0 1 0 0
7.1 1 0 0 0 0 0 0 0 0 0 0 1 1 1 1 1 1 0 1
7.6 1 1 1 1 0 0 0 0 0 0 0 1 1 1 1 1 0 1 1
7.9 1 1 1 1 1 1 1 1 1 0 0 1 1 1 1 1 1 0 1
8.0 0 0 0 0 0 0 0 0 0 0 0 1 0 0 0 0 0 1 0
8.0 0 0 0 0 0 0 0 0 0 0 0 1 0 0 0 0 0 1 1
8.3 1 1 1 1 1 1 0 0 0 0 0 1 1 0 0 0 0 1 0
8.3 1 1 1 1 1 1 0 0 0 0 0 1 1 1 0 0 0 1 1
8.83 1 1 1 1 1 1 1 1 1 1 1 1 0 0 0 0 0 0 1
9.4 1 1 1 0 0 0 0 0 0 0 0 1 1 1 1 1 0 0 1
9.6 1 1 1 0 0 0 0 0 0 0 0 1 1 1 0 0 1 1 1
9.63 0 1 1 1 1 1 1 1 1 0 0 1 1 1 0 0 0 1 0
9.63 1 1 1 1 1 1 1 1 1 0 0 1 1 1 1 1 0 1 1
9.87 0 1 1 1 1 1 1 1 0 0 0 1 1 1 0 0 1 0 0
9.87 1 1 1 1 1 1 1 1 1 0 0 1 1 1 1 0 1 1 1
9.9 1 1 1 0 0 0 0 0 0 0 0 1 1 1 0 0 0 1 1
9.9 1 1 1 1 1 1 1 1 0 0 0 1 1 0 0 0 1 1 1
9.9 1 1 1 1 1 1 1 1 0 0 0 1 1 1 0 0 1 1 0
10.27 1 1 1 0 0 0 0 0 0 0 0 1 1 1 0 0 1 0 0
10.33 1 1 1 0 0 0 0 0 0 0 0 1 1 0 0 0 0 0 0
10.6 0 1 1 1 1 1 0 0 0 0 0 1 1 0 0 0 1 0 0
10.6 0 1 1 1 1 1 0 0 0 0 0 1 1 1 0 0 1 0 1
10.7 0 1 0 0 0 0 0 0 0 0 0 1 1 0 0 0 0 1 0
10.77 0 1 1 1 0 0 0 0 0 0 0 1 1 1 1 0 1 0 0
10.77 0 1 1 1 0 0 0 0 0 0 0 1 1 1 1 0 1 0 1
10.8 1 1 0 0 0 0 0 0 0 0 0 0 0 0 0 0 1 0 1
10.97 1 1 1 1 1 1 1 1 1 1 0 1 1 1 1 1 0 0 1
11.07 1 1 1 1 0 0 0 0 0 0 0 1 1 1 1 0 1 1 0
11.3 1 0 0 0 0 0 0 0 0 0 0 1 1 1 1 0 1 1 1
12.2 1 1 1 1 1 0 0 0 0 0 0 0 0 0 0 0 0 1 1
12.73 1 1 1 1 1 1 0 0 0 0 0 1 1 1 0 0 0 0 1
12.93 1 1 1 1 1 1 1 1 1 0 0 1 1 1 0 0 1 1 0
13.1 1 1 0 0 0 0 0 0 0 0 0 1 1 1 1 0 0 1 0
13.33 1 1 1 0 0 0 0 0 0 0 0 1 1 1 1 1 1 1 0
13.37 1 1 1 1 1 0 0 0 0 0 0 1 1 1 1 1 0 0 1
13.57 1 1 0 0 0 0 0 0 0 0 0 1 1 1 1 0 1 1 0
13.77 1 1 1 0 0 0 0 0 0 0 0 1 1 1 0 0 0 1 0
13.77 1 1 1 0 0 0 0 0 0 0 0 1 1 1 1 1 0 1 1
13.8 1 1 1 0 0 0 0 0 0 0 0 1 1 1 0 0 0 1 0
13.83 1 1 1 0 0 0 0 0 0 0 0 1 1 0 0 0 0 1 1
13.83 1 1 1 1 1 0 0 0 0 0 0 1 1 0 0 0 1 0 1
13.83 1 1 1 1 1 1 1 1 1 0 0 1 1 1 0 0 0 0 1
13.83 1 1 1 1 1 1 1 1 1 1 0 1 0 0 0 0 0 1 0
13.87 1 1 1 1 1 1 1 1 1 0 0 1 0 0 0 0 0 0 1
13.9 1 1 1 1 1 1 1 1 1 1 1 1 1 1 0 0 1 1 1
13.97 1 1 1 0 0 0 0 0 0 0 0 1 1 1 1 0 0 1 0
14.0 1 1 1 1 0 0 0 0 0 0 0 1 1 0 0 0 0 0 1
14.1 1 1 1 1 1 1 0 0 0 0 0 1 1 0 0 0 1 0 1
14.27 1 1 1 1 0 0 0 0 0 0 0 1 1 0 0 0 0 1 0
14.3 1 1 1 0 0 0 0 0 0 0 0 1 1 0 0 0 0 1 0
14.37 0 1 1 1 1 1 1 1 0 0 0 1 1 0 0 0 1 1 1
14.37 1 1 1 1 1 0 0 0 0 0 0 1 1 0 0 0 0 0 1
14.8 1 1 1 0 0 0 0 0 0 0 0 1 1 0 0 0 1 1 1
15.83 0 1 1 1 0 0 0 0 0 0 0 1 1 1 0 0 0 1 0
15.83 1 1 1 1 0 0 0 0 0 0 0 1 1 1 0 0 0 1 1
17.73 1 1 1 0 0 0 0 0 0 0 0 1 1 1 0 0 1 0 0
18.03 1 1 1 0 0 0 0 0 0 0 0 1 1 1 1 0 1 1 1
18.03 1 1 1 1 0 0 0 0 0 0 0 1 1 1 1 0 1 0 1
18.43 1 1 1 1 1 1 1 1 1 0 0 1 1 0 0 0 1 0 1
18.7 1 0 0 0 0 0 0 0 0 0 0 1 1 1 0 0 0 1 0
18.73 0 1 1 1 1 1 1 1 1 0 0 1 1 1 0 0 0 0 0
18.9 0 1 1 0 0 0 0 0 0 0 0 1 0 0 0 0 1 0 0
18.9 0 1 1 0 0 0 0 0 0 0 0 1 1 0 0 0 1 0 1
18.93 1 0 0 0 0 0 0 0 0 0 0 1 1 1 0 0 0 0 1
19.0 1 1 1 0 0 0 0 0 0 0 0 1 1 0 0 0 0 1 1
19.4 1 1 1 1 1 0 0 0 0 0 0 1 1 1 0 0 1 0 1
20.07 0 1 1 1 1 1 1 1 1 1 1 1 1 1 1 0 0 0 0
20.17 1 1 1 0 0 0 0 0 0 0 0 1 1 0 0 0 1 1 0
20.6 0 1 0 0 0 0 0 0 0 0 0 1 1 1 1 0 1 1 0
20.6 0 1 0 0 0 0 0 0 0 0 0 1 1 1 1 0 1 1 1
21.1 1 1 1 1 1 1 1 1 1 0 0 1 1 0 0 0 1 1 1
21.57 0 1 1 1 1 1 1 1 1 0 0 1 0 0 0 0 1 0 0
21.57 1 1 1 0 0 0 0 0 0 0 0 1 1 1 1 1 0 1 0
21.9 1 1 1 1 1 1 0 0 0 0 0 1 1 0 0 0 0 1 1
21.97 1 0 0 0 0 0 0 0 0 0 0 1 1 1 0 0 1 1 1
22.0 1 1 1 0 0 0 0 0 0 0 0 1 1 1 1 0 1 1 1
22.0 1 1 1 1 1 1 1 1 0 0 0 1 0 0 0 0 0 1 1
22.13 1 1 0 0 0 0 0 0 0 0 0 1 1 0 0 0 0 0 1
22.2 1 1 1 1 1 1 0 0 0 0 0 1 1 0 0 0 0 0 1
22.23 1 1 1 0 0 0 0 0 0 0 0 1 0 0 0 0 1 0 1
23.17 0 1 1 0 0 0 0 0 0 0 0 1 0 0 0 0 0 0 0
23.17 0 1 1 0 0 0 0 0 0 0 0 1 1 0 0 0 0 0 1
24.43 1 1 1 1 1 1 1 1 1 0 0 1 1 1 1 1 1 1 0
24.73 1 1 0 0 0 0 0 0 0 0 0 1 1 1 1 0 1 1 1
25.3 1 1 1 1 1 1 1 0 0 0 0 1 1 1 0 0 0 1 1
25.63 1 1 1 1 1 1 0 0 0 0 0 1 1 1 0 0 0 1 0
25.8 1 1 1 1 1 1 1 1 1 0 0 1 1 1 1 0 0 0 0
25.83 0 1 1 0 0 0 0 0 0 0 0 1 1 1 0 0 0 1 1
25.83 0 1 1 0 0 0 0 0 0 0 0 1 1 1 1 1 0 1 0
25.93 1 1 0 0 0 0 0 0 0 0 0 1 1 0 0 0 1 1 1
26.17 1 1 1 1 1 1 1 0 0 0 0 1 1 1 1 0 1 1 1
26.2 1 1 0 0 0 0 0 0 0 0 0 1 1 1 0 0 0 1 0
26.23 1 1 1 1 1 1 0 0 0 0 0 1 0 0 0 0 0 1 0
26.37 1 1 1 1 1 1 1 0 0 0 0 1 1 1 1 0 1 0 1
26.47 0 1 0 0 0 0 0 0 0 0 0 1 1 0 0 0 1 1 0
26.47 0 1 0 0 0 0 0 0 0 0 0 1 1 1 0 0 1 1 1
26.47 1 1 1 1 1 1 1 1 1 1 0 1 1 1 1 1 1 1 1
27.6 1 1 1 1 1 1 1 1 0 0 0 1 1 1 0 0 1 1 1
29.03 0 1 1 0 0 0 0 0 0 0 0 1 0 0 0 0 0 0 0
29.03 0 1 1 0 0 0 0 0 0 0 0 1 0 0 0 0 0 0 1
29.97 1 1 1 0 0 0 0 0 0 0 0 1 1 1 1 0 1 0 1
30.2 1 1 1 0 0 0 0 0 0 0 0 1 1 0 0 0 1 1 0
30.4 1 1 1 0 0 0 0 0 0 0 0 1 1 1 1 1 0 1 1
30.83 1 1 1 1 1 1 1 1 1 1 0 0 0 0 0 0 0 0 0
31.13 0 1 1 0 0 0 0 0 0 0 0 1 1 0 0 0 1 1 0
31.13 0 1 1 0 0 0 0 0 0 0 0 1 1 0 0 0 1 1 1
31.3 1 1 1 0 0 0 0 0 0 0 0 0 0 0 0 0 1 0 1
31.57 0 0 0 0 0 0 0 0 0 0 0 1 0 0 0 0 0 1 1
31.57 0 0 0 0 0 0 0 0 0 0 0 1 1 0 0 0 0 1 0
31.63 0 1 1 1 1 1 1 1 1 0 0 1 1 1 0 0 1 1 0
31.63 1 1 1 1 1 1 1 1 1 0 0 1 1 0 0 0 1 1 1
32.03 0 1 1 1 1 0 0 0 0 0 0 1 1 1 1 0 0 0 0
32.2 0 1 1 0 0 0 0 0 0 0 0 1 1 1 1 1 0 1 0
32.2 0 1 1 0 0 0 0 0 0 0 0 1 1 1 1 1 0 1 1
32.63 0 1 0 0 0 0 0 0 0 0 0 1 1 0 0 0 1 1 0
32.63 0 1 0 0 0 0 0 0 0 0 0 1 1 0 0 0 1 1 1
33.63 1 1 1 1 1 1 0 0 0 0 0 1 1 0 0 0 0 1 0
33.63 1 1 1 1 1 1 0 0 0 0 0 1 1 0 0 0 0 1 1
33.9 1 1 1 0 0 0 0 0 0 0 0 1 1 0 0 0 1 1 0
34.2 0 1 0 0 0 0 0 0 0 0 0 1 0 0 0 0 1 0 0
34.2 0 1 0 0 0 0 0 0 0 0 0 1 1 1 1 1 1 0 1
34.37 1 1 1 1 0 0 0 0 0 0 0 1 1 0 0 0 1 0 0
34.57 1 1 0 0 0 0 0 0 0 0 0 1 1 1 1 1 1 1 0
35.53 1 1 1 0 0 0 0 0 0 0 0 1 1 1 1 0 0 1 1
38.07 0 0 0 0 0 0 0 0 0 0 0 1 1 1 1 1 1 1 0
38.07 0 1 1 1 1 0 0 0 0 0 0 1 1 1 1 0 0 1 0
38.07 0 1 1 1 1 0 0 0 0 0 0 1 1 1 1 0 0 1 1
38.07 0 1 1 1 1 1 0 0 0 0 0 1 0 0 0 0 0 0 0
38.27 0 1 1 1 1 1 1 1 1 0 0 1 1 0 0 0 0 1 1
38.27 0 1 1 1 1 1 1 1 1 0 0 1 1 1 0 0 0 1 0
38.3 0 1 1 0 0 0 0 0 0 0 0 1 1 0 0 0 1 1 0
38.3 0 1 1 0 0 0 0 0 0 0 0 1 1 0 0 0 1 1 1
38.3 0 1 1 0 0 0 0 0 0 0 0 1 1 1 1 0 0 0 0
38.3 0 1 1 0 0 0 0 0 0 0 0 1 1 1 1 0 0 0 1
38.4 1 1 1 1 0 0 0 0 0 0 0 1 1 1 0 0 0 0 1
38.47 1 1 1 1 1 1 0 0 0 0 0 1 1 1 0 0 1 0 0
38.57 1 1 1 1 1 1 1 1 1 1 0 1 1 1 0 0 0 0 1
38.57 1 1 1 1 1 1 1 1 1 1 0 1 1 1 1 0 0 0 1
38.73 0 1 1 1 1 1 1 0 0 0 0 1 1 0 0 0 0 1 0
38.73 0 1 1 1 1 1 1 0 0 0 0 1 1 0 0 0 0 1 1
38.77 0 1 1 0 0 0 0 0 0 0 0 1 1 0 0 0 0 1 0
38.77 0 1 1 0 0 0 0 0 0 0 0 1 1 0 0 0 0 1 0
38.77 0 1 1 0 0 0 0 0 0 0 0 1 1 0 0 0 0 1 1
38.77 0 1 1 1 1 0 0 0 0 0 0 1 1 0 0 0 1 0 0
38.83 0 1 1 1 1 1 1 1 1 1 1 1 1 0 0 0 0 0 1
38.83 0 1 1 1 1 1 1 1 1 1 1 1 1 1 1 1 0 0 0
38.87 1 1 1 1 0 0 0 0 0 0 0 0 0 0 0 0 1 0 0
39.57 0 1 1 1 1 1 1 1 1 1 0 0 0 0 0 0 0 1 1
39.57 0 1 1 1 1 1 1 1 1 1 0 1 1 1 1 0 0 1 0
39.77 0 1 1 1 1 1 1 0 0 0 0 1 1 1 0 0 0 0 1
39.77 0 1 1 1 1 1 1 0 0 0 0 1 1 1 1 0 0 0 0
39.93 0 1 0 0 0 0 0 0 0 0 0 0 0 0 0 0 0 0 1
39.93 0 1 0 0 0 0 0 0 0 0 0 1 1 0 0 0 0 0 0
40.03 0 1 1 1 1 1 0 0 0 0 0 1 0 0 0 0 0 1 1
40.17 0 1 0 0 0 0 0 0 0 0 0 0 0 0 0 0 1 1 1
40.17 0 1 0 0 0 0 0 0 0 0 0 1 0 0 0 0 1 1 0
41.4 1 1 1 1 1 0 0 0 0 0 0 1 1 0 0 0 1 1 1
41.6 0 1 1 1 0 0 0 0 0 0 0 1 1 0 0 0 1 0 0
41.93 0 1 1 1 1 1 1 0 0 0 0 1 1 0 0 0 1 0 0
41.93 0 1 1 1 1 1 1 0 0 0 0 1 1 0 0 0 1 0 1
42.07 0 1 1 1 0 0 0 0 0 0 0 1 1 1 0 0 0 0 0
42.07 0 1 1 1 0 0 0 0 0 0 0 1 1 1 0 0 0 0 1
42.1 0 1 1 0 0 0 0 0 0 0 0 1 1 1 1 0 1 1 0
42.1 0 1 1 0 0 0 0 0 0 0 0 1 1 1 1 0 1 1 1
42.17 1 1 1 0 0 0 0 0 0 0 0 1 1 0 0 0 1 1 0
42.17 1 1 1 0 0 0 0 0 0 0 0 1 1 1 0 0 1 1 1
42.2 0 1 1 1 1 1 1 0 0 0 0 1 1 1 1 0 0 0 0
42.2 0 1 1 1 1 1 1 0 0 0 0 1 1 1 1 0 0 0 1
42.23 0 1 1 1 1 1 0 0 0 0 0 1 0 0 0 0 1 0 0
42.23 0 1 1 1 1 1 0 0 0 0 0 1 0 0 0 0 1 0 1
42.27 0 1 0 0 0 0 0 0 0 0 0 1 1 1 1 0 0 0 0
42.27 0 1 0 0 0 0 0 0 0 0 0 1 1 1 1 0 0 0 1
42.27 0 1 1 1 0 0 0 0 0 0 0 1 1 1 0 0 1 0 1
42.3 0 1 1 0 0 0 0 0 0 0 0 1 1 0 0 0 1 0 1
42.33 1 1 1 1 1 0 0 0 0 0 0 1 1 1 1 0 1 1 1
42.43 1 1 1 0 0 0 0 0 0 0 0 1 1 1 1 0 0 1 0
42.47 0 1 1 1 1 1 0 0 0 0 0 1 1 0 0 0 0 0 0
42.5 0 1 1 0 0 0 0 0 0 0 0 1 0 0 0 0 1 0 0
42.77 0 1 1 1 1 1 1 1 1 1 0 1 0 0 0 0 0 0 0
42.77 0 1 1 1 1 1 1 1 1 1 0 1 1 1 1 1 0 0 1
43.03 1 1 1 1 0 0 0 0 0 0 0 1 1 1 1 1 0 0 1
43.07 0 1 1 0 0 0 0 0 0 0 0 1 1 0 0 0 1 1 1
43.07 0 1 1 0 0 0 0 0 0 0 0 1 1 1 1 1 1 1 0
43.33 0 1 1 0 0 0 0 0 0 0 0 0 0 0 0 0 0 0 0
43.33 1 1 1 0 0 0 0 0 0 0 0 1 1 1 0 0 0 0 1
43.67 0 1 0 0 0 0 0 0 0 0 0 1 1 0 0 0 1 1 0
43.7 1 1 1 1 1 0 0 0 0 0 0 1 0 0 0 0 1 0 1
44.4 0 1 1 1 1 1 1 1 1 0 0 1 1 1 1 0 1 0 0
44.6 0 1 1 1 0 0 0 0 0 0 0 1 1 0 0 0 0 1 0
44.6 0 1 1 1 0 0 0 0 0 0 0 1 1 0 0 0 0 1 1
45.4 0 1 1 0 0 0 0 0 0 0 0 1 1 0 0 0 0 0 1
45.4 0 1 1 0 0 0 0 0 0 0 0 1 1 1 0 0 0 0 0
45.73 0 1 0 0 0 0 0 0 0 0 0 1 1 0 0 0 1 1 0
45.9 0 0 0 0 0 0 0 0 0 0 0 1 1 1 0 0 1 0 0
46.17 0 1 1 1 0 0 0 0 0 0 0 1 1 0 0 0 1 1 0
46.17 0 1 1 1 0 0 0 0 0 0 0 1 1 1 1 1 1 1 1
46.2 1 1 1 0 0 0 0 0 0 0 0 1 0 0 0 0 0 1 1
46.23 0 1 0 0 0 0 0 0 0 0 0 1 1 1 1 1 1 0 0
46.23 0 1 0 0 0 0 0 0 0 0 0 1 1 1 1 1 1 0 1
46.23 0 1 1 1 1 1 0 0 0 0 0 1 1 0 0 0 1 1 0
46.23 0 1 1 1 1 1 0 0 0 0 0 1 1 0 0 0 1 1 1
46.27 0 1 1 1 1 0 0 0 0 0 0 1 1 0 0 0 0 0 0
46.27 1 1 1 1 1 0 0 0 0 0 0 1 1 0 0 0 0 0 1
46.3 0 1 0 0 0 0 0 0 0 0 0 1 1 1 1 0 0 1 0
46.3 0 1 0 0 0 0 0 0 0 0 0 1 1 1 1 0 0 1 1
46.43 1 1 1 1 1 0 0 0 0 0 0 1 1 0 0 0 1 1 0
46.5 0 0 0 0 0 0 0 0 0 0 0 1 1 1 1 0 0 1 1
46.5 0 1 1 1 1 0 0 0 0 0 0 1 1 1 1 1 0 0 0
46.63 1 1 1 0 0 0 0 0 0 0 0 1 1 0 0 0 0 1 1
46.73 0 1 1 1 1 1 1 1 1 1 0 1 1 1 0 0 1 1 0
46.9 0 1 1 1 1 1 1 1 0 0 0 1 1 0 0 0 0 1 0
47.6 0 1 0 0 0 0 0 0 0 0 0 0 0 0 0 0 1 0 0
47.6 0 1 0 0 0 0 0 0 0 0 0 1 1 0 0 0 1 0 1
48.3 1 1 1 1 1 0 0 0 0 0 0 1 1 0 0 0 1 1 1
48.43 1 1 1 0 0 0 0 0 0 0 0 1 0 0 0 0 0 1 1
48.53 0 1 1 1 1 0 0 0 0 0 0 1 1 0 0 0 1 1 1
48.87 1 1 0 0 0 0 0 0 0 0 0 1 1 1 0 0 1 1 0
49.57 0 0 0 0 0 0 0 0 0 0 0 1 1 0 0 0 1 1 1
49.57 0 0 0 0 0 0 0 0 0 0 0 1 1 1 0 0 1 1 0
49.93 0 1 1 1 1 0 0 0 0 0 0 1 1 0 0 0 0 0 0
49.97 0 1 1 1 1 1 1 0 0 0 0 1 1 0 0 0 1 0 0
50.23 0 1 1 1 1 1 0 0 0 0 0 1 1 0 0 0 0 1 0
50.23 0 1 1 1 1 1 0 0 0 0 0 1 1 0 0 0 0 1 1
50.47 0 1 1 1 1 0 0 0 0 0 0 1 1 0 0 0 0 1 0
50.47 0 1 1 1 1 0 0 0 0 0 0 1 1 1 1 0 0 1 1
50.63 0 0 0 0 0 0 0 0 0 0 0 1 1 1 1 1 0 0 0
50.9 0 1 0 0 0 0 0 0 0 0 0 1 1 0 0 0 1 1 1
51.1 0 1 1 0 0 0 0 0 0 0 0 1 1 1 1 1 1 0 1
51.1 0 1 1 1 1 1 1 0 0 0 0 1 1 0 0 0 0 1 1
51.1 0 1 1 1 1 1 1 0 0 0 0 1 1 1 0 0 0 1 0
51.13 0 1 1 1 1 1 1 1 0 0 0 1 1 1 1 0 1 1 0
51.13 0 1 1 1 1 1 1 1 0 0 0 1 1 1 1 0 1 1 1
51.6 0 1 1 1 1 0 0 0 0 0 0 1 1 1 1 1 1 1 0
52.33 0 1 1 1 1 1 1 1 0 0 0 1 1 1 1 1 1 1 0
52.77 0 1 1 1 1 1 1 0 0 0 0 0 0 0 0 0 0 1 0
53.43 0 1 1 1 0 0 0 0 0 0 0 1 1 0 0 0 0 1 0
53.43 0 1 1 1 0 0 0 0 0 0 0 1 1 0 0 0 0 1 1
54.1 0 1 1 0 0 0 0 0 0 0 0 1 0 0 0 0 1 1 0
54.1 0 1 1 0 0 0 0 0 0 0 0 1 0 0 0 0 1 1 1
54.1 0 1 1 1 1 1 1 1 1 1 0 1 1 1 1 0 0 0 0
54.1 1 1 1 1 1 1 1 1 1 1 0 1 1 1 1 0 0 0 1
54.2 0 1 1 1 1 1 1 1 1 1 0 1 1 0 0 0 1 1 0
54.27 1 1 1 0 0 0 0 0 0 0 0 1 1 0 0 0 0 0 1
54.37 0 1 1 1 1 1 0 0 0 0 0 1 1 0 0 0 0 0 0
54.37 0 1 1 1 1 1 0 0 0 0 0 1 1 1 0 0 0 0 1
54.6 0 1 1 1 1 1 1 1 1 1 0 1 0 0 0 0 0 0 0
54.73 0 1 1 1 0 0 0 0 0 0 0 1 1 1 1 1 0 0 0
54.8 0 1 0 0 0 0 0 0 0 0 0 1 1 1 0 0 0 1 1
55.13 0 1 1 1 1 1 1 1 1 1 1 0 0 0 0 0 0 0 0
55.13 0 1 1 1 1 1 1 1 1 1 1 0 0 0 0 0 0 0 1
55.23 0 1 1 1 1 1 1 1 1 1 0 0 0 0 0 0 0 0 0
55.23 0 1 1 1 1 1 1 1 1 1 0 1 0 0 0 0 0 0 1
55.33 0 1 1 1 1 1 1 0 0 0 0 1 1 1 0 0 1 0 1
55.33 0 1 1 1 1 1 1 0 0 0 0 1 1 1 1 1 1 0 0
55.6 0 1 1 1 0 0 0 0 0 0 0 1 1 1 0 0 0 0 0
56.03 0 1 0 0 0 0 0 0 0 0 0 1 1 1 1 0 1 0 0
56.03 0 1 0 0 0 0 0 0 0 0 0 1 1 1 1 1 1 0 1
56.57 0 1 1 1 1 1 1 1 1 0 0 1 1 0 0 0 0 1 0
56.57 0 1 1 1 1 1 1 1 1 0 0 1 1 0 0 0 0 1 1
56.8 0 1 1 0 0 0 0 0 0 0 0 1 1 1 0 0 1 0 0
56.97 0 0 0 0 0 0 0 0 0 0 0 1 1 1 1 0 1 0 1
57.17 0 1 1 0 0 0 0 0 0 0 0 0 0 0 0 0 0 1 0
57.2 0 0 0 0 0 0 0 0 0 0 0 1 1 0 0 0 0 1 1
57.2 0 0 0 0 0 0 0 0 0 0 0 1 1 1 0 0 0 1 0
57.43 0 1 1 1 1 1 1 1 1 0 0 0 0 0 0 0 1 0 0
57.43 0 1 1 1 1 1 1 1 1 0 0 1 0 0 0 0 1 0 1
57.9 0 1 1 0 0 0 0 0 0 0 0 1 1 1 1 0 0 1 1
57.9 0 1 1 0 0 0 0 0 0 0 0 1 1 1 1 1 0 1 0
58.07 0 1 1 1 1 0 0 0 0 0 0 1 1 0 0 0 1 0 0
58.07 0 1 1 1 1 1 1 1 1 0 0 1 1 1 1 0 1 1 1
58.07 0 1 1 1 1 1 1 1 1 0 0 1 1 1 1 1 1 1 0
58.17 0 1 1 1 0 0 0 0 0 0 0 1 1 0 0 0 0 0 0
58.2 0 1 0 0 0 0 0 0 0 0 0 1 1 0 0 0 1 0 0
58.2 0 1 0 0 0 0 0 0 0 0 0 1 1 0 0 0 1 0 1
58.43 0 1 1 1 1 0 0 0 0 0 0 1 1 1 1 1 1 1 0
58.5 0 1 1 1 1 0 0 0 0 0 0 1 1 0 0 0 1 1 1
58.5 0 1 1 1 1 0 0 0 0 0 0 1 1 1 0 0 1 1 0
58.53 0 1 1 1 1 1 0 0 0 0 0 1 1 0 0 0 0 1 0
58.53 0 1 1 1 1 1 0 0 0 0 0 1 1 0 0 0 0 1 1
58.67 0 1 1 1 0 0 0 0 0 0 0 1 1 0 0 0 0 0 0
58.67 0 1 1 1 0 0 0 0 0 0 0 1 1 0 0 0 0 0 1
58.83 0 1 1 0 0 0 0 0 0 0 0 1 1 0 0 0 1 0 0
59.0 0 1 0 0 0 0 0 0 0 0 0 1 1 1 1 0 1 1 0
59.27 0 1 1 0 0 0 0 0 0 0 0 1 1 0 0 0 0 0 0
59.7 0 0 0 0 0 0 0 0 0 0 0 1 1 1 0 0 0 0 0
59.8 1 1 1 1 0 0 0 0 0 0 0 1 1 1 0 0 0 1 1
60.27 0 1 1 1 1 1 1 0 0 0 0 1 1 0 0 0 1 0 0
60.93 0 1 0 0 0 0 0 0 0 0 0 1 1 1 1 0 1 1 0
60.93 0 1 0 0 0 0 0 0 0 0 0 1 1 1 1 1 1 1 1
61.4 0 1 1 1 1 1 1 1 1 0 0 1 1 0 0 0 0 0 0
61.83 1 1 1 1 1 0 0 0 0 0 0 1 1 1 1 1 0 1 1
62.0 0 1 1 1 1 1 0 0 0 0 0 1 0 0 0 0 0 0 1
62.0 0 1 1 1 1 1 0 0 0 0 0 1 1 1 0 0 0 0 0
62.37 0 1 1 1 1 0 0 0 0 0 0 1 1 0 0 0 1 0 0
62.57 0 1 1 0 0 0 0 0 0 0 0 1 1 0 0 0 1 1 0
62.8 0 1 1 1 1 0 0 0 0 0 0 1 1 0 0 0 0 1 1
62.8 0 1 1 1 1 0 0 0 0 0 0 1 1 1 1 0 0 1 0
62.93 0 1 0 0 0 0 0 0 0 0 0 1 1 1 1 0 0 0 0
63.33 0 1 1 1 1 0 0 0 0 0 0 1 1 1 1 0 0 0 0
63.33 1 1 1 1 1 1 1 1 0 0 0 1 1 1 1 0 1 1 0
63.5 0 1 0 0 0 0 0 0 0 0 0 1 0 0 0 0 1 0 0
63.63 0 1 1 1 1 1 1 0 0 0 0 1 1 1 1 0 1 1 0
63.8 0 1 1 1 0 0 0 0 0 0 0 0 0 0 0 0 1 1 0
63.8 0 1 1 1 0 0 0 0 0 0 0 1 0 0 0 0 1 1 1
63.87 0 1 1 1 1 1 1 1 1 0 0 1 1 0 0 0 1 1 0
64.73 0 1 0 0 0 0 0 0 0 0 0 1 0 0 0 0 1 0 1
64.73 0 1 0 0 0 0 0 0 0 0 0 1 1 0 0 0 1 0 0
65.23 0 1 1 0 0 0 0 0 0 0 0 1 1 0 0 0 0 0 0
65.23 0 1 1 1 1 0 0 0 0 0 0 1 1 0 0 0 0 0 0
65.23 0 1 1 1 1 0 0 0 0 0 0 1 1 0 0 0 0 0 1
65.6 0 1 1 0 0 0 0 0 0 0 0 1 1 0 0 0 0 0 0
65.6 0 1 1 0 0 0 0 0 0 0 0 1 1 0 0 0 0 0 1
65.8 0 0 0 0 0 0 0 0 0 0 0 1 1 0 0 0 1 1 0
66.2 0 0 0 0 0 0 0 0 0 0 0 1 1 1 1 0 0 1 1
66.2 0 0 0 0 0 0 0 0 0 0 0 1 1 1 1 1 0 1 0
66.27 0 1 1 1 1 1 0 0 0 0 0 1 1 1 0 0 1 0 0
66.33 0 1 1 1 0 0 0 0 0 0 0 1 1 0 0 0 0 1 0
66.77 0 1 1 1 1 0 0 0 0 0 0 1 1 1 1 1 0 0 1
66.8 0 1 1 1 0 0 0 0 0 0 0 1 1 0 0 0 1 1 1
66.8 0 1 1 1 0 0 0 0 0 0 0 1 1 1 1 0 1 1 0
66.93 0 1 1 1 1 1 1 0 0 0 0 1 1 0 0 0 1 0 0
66.93 0 1 1 1 1 1 1 0 0 0 0 1 1 0 0 0 1 0 1
66.97 0 1 1 0 0 0 0 0 0 0 0 1 1 1 1 1 0 1 1
67.03 0 1 0 0 0 0 0 0 0 0 0 1 1 0 0 0 1 1 1
67.07 0 1 1 0 0 0 0 0 0 0 0 1 1 0 0 0 0 0 0
67.07 0 1 1 0 0 0 0 0 0 0 0 1 1 0 0 0 0 0 1
67.43 0 1 0 0 0 0 0 0 0 0 0 1 1 0 0 0 0 1 1
67.43 0 1 0 0 0 0 0 0 0 0 0 1 1 1 0 0 0 1 0
67.47 0 1 1 1 1 1 1 1 1 1 0 1 1 1 1 1 0 0 0
67.53 0 1 1 0 0 0 0 0 0 0 0 1 1 0 0 0 1 1 0
67.53 0 1 1 0 0 0 0 0 0 0 0 1 1 0 0 0 1 1 1
68.3 0 1 1 1 0 0 0 0 0 0 0 0 0 0 0 0 1 0 1
69.87 0 1 1 1 1 1 1 1 1 1 1 1 1 1 0 0 1 1 0
70.03 0 1 0 0 0 0 0 0 0 0 0 1 1 0 0 0 0 1 1
70.9 0 1 1 1 0 0 0 0 0 0 0 1 1 1 1 0 1 1 0
70.9 0 1 1 1 0 0 0 0 0 0 0 1 1 1 1 1 1 1 1
73.43 0 1 1 0 0 0 0 0 0 0 0 1 1 0 0 0 0 0 0
73.43 0 1 1 0 0 0 0 0 0 0 0 1 1 0 0 0 0 0 1
74.93 0 1 1 0 0 0 0 0 0 0 0 1 1 0 0 0 0 1 0
74.93 0 1 1 0 0 0 0 0 0 0 0 1 1 0 0 0 0 1 1
74.97 0 1 1 1 1 0 0 0 0 0 0 1 1 0 0 0 0 1 0
