0.0039999999999977 0 1 1 1 1 1 1 1 1 1 1 0 1 1 1 1 1 0
0.0069999999999978 0 1 1 1 1 1 1 1 1 1 1 1 1 1 1 0 1 0
0.0339999999999989 0 1 1 1 1 1 1 1 1 1 0 1 1 1 0 0 1 0
0.036999999999999 1 1 1 1 1 1 1 1 1 0 0 0 1 1 1 0 1 0
0.0480000000000018 0 1 1 1 1 1 1 0 0 0 0 0 1 1 0 0 1 0
0.0529999999999972 1 1 1 1 1 1 1 1 1 1 0 1 1 1 0 0 1 0
0.0589999999999975 0 1 1 1 1 1 1 1 0 0 0 0 1 1 1 0 1 0
0.0670000000000001 1 1 1 0 0 0 0 0 0 0 0 0 1 1 1 1 1 0
0.081000000000003 0 1 1 1 1 1 1 1 1 1 1 0 1 1 1 0 1 0
0.081000000000003 0 1 1 1 1 1 1 1 1 1 1 1 1 1 0 0 0 0
0.081000000000003 1 1 1 1 1 1 0 0 0 0 0 0 1 0 0 0 0 1
0.0889999999999986 0 0 0 0 0 0 0 0 0 0 0 1 1 1 1 1 1 0
0.0889999999999986 0 1 1 1 1 1 1 1 1 1 1 0 1 1 0 0 1 1
0.0940000000000012 0 1 1 0 0 0 0 0 0 0 0 1 1 0 0 0 1 0
0.1000000000000014 0 1 1 1 1 1 1 1 1 1 1 0 1 1 1 1 1 1
0.1049999999999968 0 1 1 1 1 1 1 1 1 1 1 1 1 1 1 0 1 0
0.1079999999999969 1 1 0 0 0 0 0 0 0 0 0 0 1 1 1 1 1 1
0.125 0 1 1 1 1 1 1 1 1 1 1 0 1 1 1 1 0 1
0.1379999999999981 0 1 1 1 1 1 1 1 1 1 0 1 1 1 1 0 1 0
0.1550000000000011 0 1 1 1 1 1 1 1 1 1 1 0 1 1 1 1 1 0
0.1850000000000022 1 1 1 0 0 0 0 0 0 0 0 1 1 1 1 1 1 1
0.1850000000000022 1 1 1 1 1 1 1 0 0 0 0 0 1 1 1 0 1 0
0.2070000000000007 0 1 1 0 0 0 0 0 0 0 0 0 1 1 1 1 1 1
0.2070000000000007 1 1 1 1 1 0 0 0 0 0 0 1 1 1 0 0 1 0
0.2120000000000033 0 1 1 1 1 1 1 1 1 0 0 0 1 1 1 1 1 0
0.2150000000000034 0 1 1 1 1 1 1 1 1 0 0 1 1 1 1 1 0 0
0.2370000000000018 0 1 1 1 1 1 1 1 1 1 1 0 1 1 1 1 1 0
0.2479999999999975 1 1 1 0 0 0 0 0 0 0 0 1 1 1 0 0 1 0
0.2560000000000002 0 1 1 1 1 1 1 1 1 0 0 1 0 0 0 0 1 1
0.2749999999999986 0 1 1 1 1 1 1 1 0 0 0 1 1 1 1 0 1 0
0.2749999999999986 0 1 1 1 1 1 1 1 1 1 1 1 1 1 1 1 1 1
0.2779999999999987 0 1 1 1 1 1 1 1 1 1 1 0 1 1 1 1 1 1
0.3029999999999972 0 1 1 1 1 1 1 1 1 1 1 0 1 1 0 0 1 0
0.3079999999999998 0 1 1 1 1 1 1 1 1 1 0 0 1 1 1 1 1 0
0.3079999999999998 1 1 1 1 1 0 0 0 0 0 0 1 1 1 1 1 1 1
0.3109999999999999 0 1 1 1 1 1 1 1 1 0 0 1 1 1 1 0 1 0
0.3160000000000025 1 1 1 1 1 1 1 1 1 1 0 0 1 1 1 1 1 0
0.3299999999999983 0 1 1 1 1 1 1 1 1 1 1 0 1 1 1 0 0 0
0.3350000000000008 0 1 1 1 1 1 1 0 0 0 0 1 1 1 1 0 1 0
0.3410000000000011 0 1 1 1 1 1 1 1 1 1 1 0 1 0 0 0 1 0
0.3489999999999966 0 1 1 1 1 1 1 0 0 0 0 1 1 1 1 0 1 0
0.3519999999999967 0 1 1 1 1 1 1 1 1 1 1 0 1 1 1 1 1 1
0.3569999999999993 1 1 1 1 1 1 1 1 1 1 0 1 1 1 0 0 1 0
0.3659999999999996 0 1 1 1 1 1 1 1 1 1 1 0 1 1 1 1 1 1
0.3759999999999976 1 1 1 0 0 0 0 0 0 0 0 0 1 1 1 1 0 1
0.3789999999999978 0 1 1 1 1 1 1 1 1 1 1 0 1 0 0 0 1 0
0.3789999999999978 1 1 1 1 0 0 0 0 0 0 0 1 1 1 1 1 0 1
0.4040000000000034 1 1 1 0 0 0 0 0 0 0 0 1 1 0 0 0 1 0
0.4089999999999989 0 1 1 1 1 1 1 1 0 0 0 0 1 0 0 0 1 0
0.4149999999999991 0 1 1 1 1 1 1 1 1 1 1 1 1 1 0 0 0 0
0.4179999999999992 0 1 1 1 1 0 0 0 0 0 0 0 1 1 1 1 0 0
0.4260000000000019 0 1 1 1 1 1 1 1 1 0 0 0 1 1 1 0 1 0
0.4260000000000019 1 1 1 1 1 1 1 1 0 0 0 0 1 1 1 0 0 0
0.4309999999999974 0 1 1 1 1 1 1 1 1 1 1 0 1 1 0 0 1 0
0.4420000000000001 0 1 1 1 1 1 1 1 1 1 1 1 1 0 0 0 1 0
0.4480000000000004 0 1 1 1 1 1 1 1 1 1 1 1 1 1 1 1 1 1
0.4530000000000029 0 1 0 0 0 0 0 0 0 0 0 0 1 1 1 1 1 1
0.5 1 1 1 1 1 1 0 0 0 0 0 1 1 1 1 1 1 1
0.5050000000000026 1 1 1 1 0 0 0 0 0 0 0 1 1 1 0 0 1 0
0.5110000000000028 0 1 1 1 1 1 1 0 0 0 0 1 1 1 1 0 0 0
0.5110000000000028 0 1 1 1 1 1 1 1 1 0 0 0 1 1 1 1 1 0
0.5110000000000028 1 1 1 1 1 1 1 0 0 0 0 1 1 1 1 1 1 0
0.5129999999999981 1 1 1 0 0 0 0 0 0 0 0 1 1 1 1 0 1 0
0.5189999999999984 0 1 1 1 1 1 1 1 1 1 1 1 1 1 1 1 1 0
0.5189999999999984 0 1 1 1 1 1 1 1 1 1 1 1 1 1 1 1 1 0
0.5189999999999984 0 1 1 1 1 1 1 1 1 1 1 1 1 1 1 1 1 0
0.5349999999999966 0 1 1 1 1 1 1 1 0 0 0 0 1 1 0 0 1 0
0.5519999999999996 0 1 1 1 1 0 0 0 0 0 0 1 0 0 0 0 1 1
0.5679999999999978 1 1 1 1 1 1 1 1 0 0 0 0 1 1 1 1 1 1
0.5760000000000005 0 1 1 1 1 1 1 0 0 0 0 0 1 1 1 0 0 0
0.5870000000000033 0 1 1 1 1 1 1 1 1 1 1 1 1 1 1 1 0 0
0.597999999999999 0 1 1 1 1 1 1 0 0 0 0 0 1 0 0 0 1 0
0.6009999999999991 0 1 0 0 0 0 0 0 0 0 0 1 1 1 1 1 1 0
0.6120000000000019 1 1 1 0 0 0 0 0 0 0 0 0 1 1 0 0 1 0
0.6199999999999974 0 1 1 1 1 1 1 1 1 1 1 1 1 1 1 1 1 0
0.6229999999999976 0 1 1 1 1 1 1 1 1 1 0 1 1 0 0 0 1 0
0.6450000000000031 0 1 1 1 1 1 1 1 1 1 1 1 1 1 1 1 1 1
0.6450000000000031 1 1 0 0 0 0 0 0 0 0 0 0 1 1 1 1 0 1
0.6689999999999969 1 1 1 1 0 0 0 0 0 0 0 1 1 1 1 1 1 0
0.671999999999997 1 1 1 1 1 1 1 1 1 1 1 1 1 0 0 0 1 0
0.6779999999999973 0 1 1 1 1 1 1 1 1 1 1 0 1 1 0 0 1 0
0.6829999999999998 0 1 1 1 1 1 1 1 1 1 1 1 1 1 1 0 1 0
0.6970000000000027 0 1 1 1 1 1 1 1 1 1 1 0 1 1 0 0 1 0
0.7000000000000028 1 1 1 1 0 0 0 0 0 0 0 1 1 1 1 1 1 1
0.7019999999999982 0 1 1 1 1 1 1 1 0 0 0 1 0 0 0 0 0 1
0.7079999999999984 0 1 1 1 1 1 1 1 1 1 1 0 1 1 1 0 1 0
0.7319999999999993 0 1 1 1 1 1 1 1 1 1 1 0 1 1 0 0 1 0
0.7319999999999993 1 1 0 0 0 0 0 0 0 0 0 1 1 1 1 1 1 0
0.7460000000000022 0 1 1 1 1 1 1 1 0 0 0 0 1 1 1 0 0 0
0.7569999999999979 0 1 1 1 1 1 1 0 0 0 0 1 1 1 0 0 1 0
0.7730000000000032 0 1 1 1 1 1 1 1 1 1 1 0 1 1 1 1 1 1
0.7760000000000034 1 1 1 1 1 1 1 1 0 0 0 0 1 0 0 0 1 0
0.7980000000000018 0 1 1 1 1 1 1 0 0 0 0 0 1 1 1 0 1 0
0.804000000000002 0 1 0 0 0 0 0 0 0 0 0 0 1 1 1 1 0 0
0.8149999999999977 0 1 1 1 1 0 0 0 0 0 0 1 1 1 1 1 1 0
0.8170000000000002 0 1 1 1 1 1 0 0 0 0 0 0 1 1 1 1 1 0
0.8250000000000028 0 1 1 1 1 1 1 1 1 1 1 0 1 1 1 1 1 0
0.8310000000000031 1 1 0 0 0 0 0 0 0 0 0 0 1 1 1 0 0 0
0.8470000000000013 0 1 1 1 1 1 1 1 1 1 1 0 1 1 1 0 1 1
0.8560000000000016 1 1 1 1 1 1 0 0 0 0 0 0 1 0 0 0 1 0
0.8669999999999973 0 1 0 0 0 0 0 0 0 0 0 1 1 1 1 0 1 0
0.8719999999999999 1 1 1 1 1 0 0 0 0 0 0 0 1 1 0 0 1 0
0.9129999999999968 0 1 1 1 1 1 1 1 1 1 1 0 1 1 1 0 1 0
0.9159999999999968 1 1 1 0 0 0 0 0 0 0 0 0 1 0 0 0 1 0
0.9269999999999996 0 1 1 1 1 1 1 1 1 1 1 1 1 0 0 0 1 0
0.9269999999999996 0 1 1 1 1 1 1 1 1 1 1 1 1 1 1 0 1 0
0.9949999999999974 0 1 1 1 1 1 1 1 1 1 1 1 1 1 1 1 0 0
0.9979999999999976 1 1 1 0 0 0 0 0 0 0 0 1 1 1 0 0 1 0
1.0060000000000002 1 1 0 0 0 0 0 0 0 0 0 0 1 1 0 0 0 0
1.0200000000000031 0 1 1 1 1 1 1 1 0 0 0 0 1 1 1 0 0 0
1.0200000000000031 1 1 1 1 1 1 1 1 1 0 0 0 1 1 1 1 1 0
1.0309999999999988 0 1 1 1 1 1 1 1 1 0 0 1 1 1 1 1 1 0
1.0390000000000017 0 1 1 1 1 1 1 1 1 0 0 1 0 0 0 0 1 0
1.0499999999999972 1 1 1 1 1 1 1 0 0 0 0 1 1 1 1 0 0 0
1.061 0 1 1 0 0 0 0 0 0 0 0 0 1 1 1 1 1 1
1.0660000000000025 0 1 1 1 1 1 1 1 0 0 0 0 1 1 1 0 1 0
1.0769999999999982 1 1 1 1 1 1 1 0 0 0 0 0 1 1 1 1 1 1
1.0799999999999983 0 1 1 1 1 1 1 1 0 0 0 1 0 0 0 0 1 0
1.0799999999999983 0 1 1 1 1 1 1 1 1 0 0 1 1 1 1 1 1 0
1.0829999999999984 0 1 1 1 1 1 1 1 1 1 0 0 1 1 0 0 1 0
1.0940000000000012 0 1 1 1 1 1 1 1 1 1 1 0 1 1 0 0 0 0
1.0940000000000012 1 1 1 1 0 0 0 0 0 0 0 1 1 1 1 1 1 0
1.0970000000000013 0 1 1 1 1 1 1 0 0 0 0 0 1 0 0 0 1 0
1.0989999999999966 0 1 1 1 1 1 1 1 1 0 0 0 1 1 1 0 1 0
1.0989999999999966 0 1 1 1 1 1 1 1 1 1 1 0 1 1 1 0 0 1
1.1019999999999968 0 1 1 1 1 1 1 1 1 1 1 1 1 1 1 1 1 0
1.1129999999999995 1 1 0 0 0 0 0 0 0 0 0 1 1 1 1 1 0 0
1.134999999999998 0 1 1 1 1 1 1 1 1 1 0 1 1 1 1 1 1 0
1.137999999999998 0 1 1 1 1 1 1 1 1 1 0 1 1 1 1 1 1 1
1.1400000000000006 1 1 1 1 1 0 0 0 0 0 0 0 1 1 1 1 1 0
1.1649999999999991 0 1 1 1 1 1 1 1 1 1 1 0 1 1 1 1 0 0
1.1920000000000002 0 1 1 1 1 1 1 1 1 1 0 0 0 0 0 0 1 0
1.2090000000000032 0 1 1 1 1 1 1 1 1 1 0 0 1 1 1 1 1 1
1.2199999999999989 0 1 1 1 1 1 1 1 1 1 0 0 1 1 1 1 1 0
1.2220000000000013 1 1 1 0 0 0 0 0 0 0 0 0 1 1 1 1 0 1
1.2280000000000015 0 1 1 1 1 1 1 1 1 1 1 0 0 0 0 0 1 0
1.2280000000000015 0 1 1 1 1 1 1 1 1 1 1 1 1 1 1 0 1 0
1.2280000000000015 0 1 1 1 1 1 1 1 1 1 1 1 1 1 1 1 1 1
1.235999999999997 1 1 1 1 1 1 1 1 1 0 0 0 1 1 0 0 1 1
1.25 1 1 0 0 0 0 0 0 0 0 0 0 1 1 0 0 1 0
1.253 0 1 1 1 1 0 0 0 0 0 0 0 1 1 0 0 1 0
1.2550000000000026 0 0 0 0 0 0 0 0 0 0 0 0 1 1 1 1 1 0
1.258000000000003 1 1 1 1 0 0 0 0 0 0 0 1 1 0 0 0 0 1
1.2719999999999985 0 1 1 1 1 1 1 1 0 0 0 1 0 0 0 0 0 0
1.277000000000001 0 1 1 1 1 1 1 0 0 0 0 1 1 1 0 0 1 0
1.2800000000000011 0 1 1 1 1 1 1 1 0 0 0 0 0 0 0 0 1 0
1.2989999999999997 1 1 1 1 1 1 1 0 0 0 0 0 1 1 1 1 1 0
1.3160000000000025 0 1 1 1 1 1 1 0 0 0 0 1 1 1 1 0 0 0
1.3179999999999978 1 1 1 1 1 1 1 0 0 0 0 1 1 1 1 1 1 0
1.3260000000000003 0 1 1 0 0 0 0 0 0 0 0 1 1 1 1 1 1 1
1.3290000000000006 0 1 1 1 1 1 1 1 0 0 0 1 1 1 1 1 0 0
1.3350000000000009 0 1 1 1 1 1 1 1 1 0 0 0 1 1 1 0 1 0
1.3430000000000035 0 1 1 1 1 1 1 1 1 1 1 0 1 1 1 1 1 0
1.350999999999999 1 1 1 1 1 1 1 1 1 1 1 1 1 1 0 0 1 0
1.3539999999999992 1 1 1 1 0 0 0 0 0 0 0 1 1 1 0 0 1 1
1.356999999999999 0 1 1 1 1 1 1 1 1 1 1 0 1 1 1 0 1 0
1.3590000000000018 1 1 1 1 0 0 0 0 0 0 0 1 1 1 1 0 1 1
1.3729999999999976 0 1 1 1 1 1 1 1 1 1 0 0 1 1 1 1 1 0
1.392000000000003 0 1 1 1 1 1 1 1 1 0 0 0 1 1 1 1 1 0
1.3950000000000031 0 1 1 1 1 1 1 1 1 1 1 0 1 0 0 0 1 0
1.4140000000000017 1 1 1 1 0 0 0 0 0 0 0 1 1 0 0 0 1 0
1.4140000000000017 1 1 1 1 1 1 0 0 0 0 0 1 0 0 0 0 1 1
1.4170000000000016 0 1 1 1 1 1 1 1 1 1 1 0 1 1 1 0 1 0
1.4279999999999973 1 1 1 1 1 1 1 0 0 0 0 0 0 0 0 0 1 0
1.4309999999999974 0 1 1 1 1 1 1 1 0 0 0 0 1 1 1 1 1 0
1.466000000000001 1 0 0 0 0 0 0 0 0 0 0 0 1 1 1 1 1 0
1.4720000000000013 1 1 1 1 1 0 0 0 0 0 0 0 1 0 0 0 1 0
1.4799999999999969 1 1 0 0 0 0 0 0 0 0 0 1 1 1 1 1 1 1
1.4909999999999997 0 1 1 1 1 1 1 1 1 1 1 0 1 0 0 0 1 1
1.4909999999999997 1 1 1 1 1 1 1 0 0 0 0 1 1 1 1 1 1 0
1.4960000000000022 0 1 1 1 1 1 1 1 1 1 1 0 1 0 0 0 1 0
1.4990000000000023 0 1 1 1 1 1 1 1 1 1 1 1 1 1 1 1 1 1
1.5429999999999993 0 1 1 1 1 1 1 1 0 0 0 1 1 1 1 1 1 1
1.5670000000000002 1 1 1 1 1 0 0 0 0 0 0 1 1 0 0 0 1 0
1.5760000000000003 0 1 1 1 1 1 1 1 1 1 1 0 1 0 0 0 1 0
1.5919999999999987 0 1 1 1 1 1 1 1 1 1 1 0 0 0 0 0 1 0
1.6000000000000014 0 1 1 1 1 1 1 1 1 1 1 1 1 1 1 1 1 0
1.622 0 1 1 1 1 1 1 1 1 1 1 1 1 1 1 1 0 0
1.6360000000000028 0 1 1 1 1 1 1 1 0 0 0 1 1 1 1 1 1 1
1.6409999999999982 0 0 0 0 0 0 0 0 0 0 0 1 1 1 1 1 1 1
1.6409999999999982 1 1 1 1 1 1 1 0 0 0 0 0 1 1 1 0 1 0
1.6499999999999986 1 1 1 1 0 0 0 0 0 0 0 0 1 1 0 0 1 0
1.668999999999997 1 1 1 1 1 1 0 0 0 0 0 0 1 1 1 1 1 1
1.6769999999999996 1 1 1 0 0 0 0 0 0 0 0 1 1 1 1 1 1 1
1.6769999999999996 1 1 1 1 1 1 0 0 0 0 0 0 1 1 0 0 1 0
1.740000000000002 1 1 1 1 0 0 0 0 0 0 0 0 1 1 1 1 0 0
1.7700000000000031 0 1 1 1 1 1 1 1 1 1 0 0 1 1 0 0 1 0
1.7860000000000014 1 1 1 1 1 1 1 1 1 0 0 0 1 1 1 1 1 0
1.8059999999999972 0 1 1 1 1 1 1 1 0 0 0 0 1 1 1 1 1 0
1.8059999999999972 0 1 1 1 1 1 1 1 1 1 1 0 1 1 1 1 1 0
1.814 1 0 0 0 0 0 0 0 0 0 0 1 1 1 1 1 1 0
1.814 1 1 1 0 0 0 0 0 0 0 0 1 1 1 1 1 0 1
1.8190000000000024 0 1 1 1 1 1 1 1 1 1 0 0 1 1 0 0 1 0
1.838000000000001 1 1 1 1 1 1 1 1 1 0 0 0 1 1 1 0 1 0
1.8470000000000013 0 1 1 1 0 0 0 0 0 0 0 1 1 1 1 1 1 1
1.8770000000000024 0 1 1 1 1 1 1 1 1 1 1 0 1 1 1 1 1 0
1.8900000000000008 0 1 1 1 1 1 1 0 0 0 0 1 1 1 0 0 1 0
1.8960000000000008 1 1 1 1 1 1 1 1 1 1 0 1 1 1 1 1 1 1
1.9149999999999991 0 1 1 1 1 1 1 1 0 0 0 0 1 1 1 1 1 0
1.9179999999999997 1 1 0 0 0 0 0 0 0 0 0 1 1 1 1 1 0 0
1.9399999999999975 0 1 1 1 1 1 1 1 1 1 1 0 1 1 1 0 1 1
1.9399999999999975 1 1 1 1 0 0 0 0 0 0 0 1 1 1 0 0 1 1
1.9429999999999976 1 1 1 1 0 0 0 0 0 0 0 1 1 1 1 1 1 0
1.9450000000000005 0 1 1 1 1 1 1 1 1 1 1 0 1 0 0 0 0 0
1.9810000000000016 0 1 1 1 1 1 1 1 1 1 1 0 1 1 1 1 1 0
1.9840000000000015 0 1 1 1 1 1 1 1 1 1 1 0 1 1 1 1 1 0
2.003 0 1 1 1 1 1 1 0 0 0 0 1 0 0 0 0 1 0
2.0080000000000027 0 1 1 1 1 1 1 0 0 0 0 0 1 1 1 1 1 0
2.011000000000003 0 1 1 1 1 1 1 1 1 1 1 0 1 1 1 1 1 0
2.0219999999999985 1 1 1 1 1 0 0 0 0 0 0 0 0 0 0 0 1 0
2.027000000000001 0 1 1 1 1 1 1 1 1 1 1 0 1 1 1 1 0 0
2.0360000000000014 0 1 1 1 1 1 1 1 1 1 1 0 1 1 1 0 1 0
2.0379999999999967 0 1 1 1 1 0 0 0 0 0 0 0 1 1 1 1 0 0
2.043999999999997 0 1 1 1 1 1 1 1 1 1 0 0 1 1 0 0 0 0
2.0489999999999995 0 1 1 0 0 0 0 0 0 0 0 0 1 1 1 0 0 0
2.0600000000000023 1 1 1 1 0 0 0 0 0 0 0 1 1 1 1 1 1 1
2.0660000000000025 0 1 1 1 0 0 0 0 0 0 0 0 1 1 0 0 0 1
2.0900000000000034 0 1 1 1 1 1 1 1 1 1 0 0 0 0 0 0 1 0
2.0900000000000034 1 1 1 0 0 0 0 0 0 0 0 1 1 1 1 1 1 1
2.100999999999999 0 1 1 1 1 1 1 1 1 1 1 1 1 1 1 1 1 0
2.112000000000002 0 1 1 1 1 0 0 0 0 0 0 1 1 1 1 1 1 1
2.131 0 1 1 1 1 1 1 1 1 1 1 1 1 1 0 0 1 0
2.145000000000003 0 1 1 1 1 1 1 1 1 1 1 0 1 1 1 1 1 1
2.145000000000003 1 1 1 1 1 1 1 0 0 0 0 0 1 1 1 1 1 0
2.1779999999999973 0 1 1 1 0 0 0 0 0 0 0 0 0 0 0 0 0 0
2.1779999999999973 0 1 1 1 1 1 1 0 0 0 0 1 1 1 1 1 1 0
2.1809999999999974 0 1 1 1 1 1 1 1 1 1 1 1 1 1 1 0 1 0
2.183 1 1 0 0 0 0 0 0 0 0 0 1 1 1 1 1 1 0
2.203000000000003 0 1 1 1 1 1 1 1 0 0 0 0 0 0 0 0 1 0
2.2049999999999983 0 1 1 1 1 1 1 1 1 1 1 0 1 1 1 1 0 1
2.219000000000001 0 1 1 1 1 1 1 0 0 0 0 1 1 1 1 1 1 0
2.2680000000000007 1 1 1 1 1 0 0 0 0 0 0 0 1 0 0 0 1 0
2.271000000000001 0 1 1 0 0 0 0 0 0 0 0 0 1 1 1 1 0 1
2.274000000000001 0 1 1 1 1 1 1 1 1 1 1 0 1 1 1 0 1 0
2.2790000000000035 1 1 0 0 0 0 0 0 0 0 0 1 1 1 1 1 1 0
2.308999999999997 0 1 1 1 1 1 1 1 1 1 1 1 1 1 1 1 1 0
2.3149999999999977 0 1 1 1 1 1 1 1 1 1 0 1 1 1 1 1 1 1
2.3149999999999977 1 1 1 1 1 1 0 0 0 0 0 0 1 1 1 1 0 1
2.3290000000000006 0 1 1 1 1 1 1 1 1 1 1 0 1 1 1 1 0 0
2.344999999999999 0 1 1 1 1 1 1 1 1 1 0 0 1 1 1 1 1 1
2.3500000000000014 0 1 1 1 1 1 1 1 0 0 0 1 1 1 0 0 1 0
2.369999999999997 0 1 1 1 1 1 1 1 1 1 0 1 1 0 0 0 1 0
2.386000000000003 0 0 0 0 0 0 0 0 0 0 0 1 1 1 1 1 1 1
2.3939999999999984 1 1 0 0 0 0 0 0 0 0 0 0 1 1 1 0 1 1
2.418999999999997 0 1 1 1 1 1 1 1 1 1 1 0 0 0 0 0 1 0
2.421999999999997 0 1 1 1 1 1 1 1 1 1 1 0 1 1 1 0 1 0
2.4350000000000023 0 1 1 1 1 1 1 1 0 0 0 1 0 0 0 0 1 1
2.4350000000000023 0 1 1 1 1 1 1 1 1 1 1 0 1 1 1 0 1 0
2.4350000000000023 0 1 1 1 1 1 1 1 1 1 1 1 1 1 1 0 1 0
2.4540000000000006 0 1 1 1 1 1 1 1 1 1 0 0 1 1 1 1 1 0
2.4570000000000007 1 1 1 1 0 0 0 0 0 0 0 0 1 0 0 0 0 0
2.463000000000001 0 1 1 1 1 1 1 1 1 1 1 1 1 1 1 0 1 0
2.478999999999999 1 1 1 1 0 0 0 0 0 0 0 1 1 1 1 1 1 0
2.4819999999999998 0 1 1 1 1 1 1 0 0 0 0 1 1 1 1 1 1 0
2.487000000000002 0 1 1 1 0 0 0 0 0 0 0 1 1 1 0 0 1 0
2.536999999999999 0 1 1 1 1 1 1 1 1 1 1 1 1 1 0 0 1 0
2.539000000000001 0 1 1 1 1 1 1 1 1 1 1 0 1 1 1 1 1 1
2.548000000000002 0 1 1 1 1 1 1 1 1 1 1 1 1 1 1 1 1 1
2.5559999999999974 0 1 1 1 1 1 1 1 1 1 1 1 1 1 1 0 1 0
2.564 1 1 0 0 0 0 0 0 0 0 0 1 1 1 1 1 1 1
2.5970000000000013 0 1 1 1 1 1 1 1 1 1 1 1 1 1 1 1 1 1
2.6000000000000014 0 1 1 1 1 1 1 1 0 0 0 0 1 1 1 1 0 0
2.6129999999999995 0 1 1 1 1 1 1 0 0 0 0 0 1 1 1 1 1 0
2.6430000000000007 0 1 1 1 1 1 1 1 1 0 0 1 1 1 1 1 1 1
2.646000000000001 1 1 1 1 1 1 1 1 1 0 0 0 1 1 1 1 1 0
2.6739999999999995 0 1 1 1 1 1 1 1 1 1 1 0 1 1 1 1 1 0
2.6899999999999977 0 1 1 1 1 1 1 1 1 1 1 0 1 1 1 0 1 0
2.709000000000003 0 1 1 1 1 1 1 1 1 1 1 0 1 1 0 0 0 0
2.7150000000000034 0 0 0 0 0 0 0 0 0 0 0 1 1 1 1 1 1 1
2.7150000000000034 0 1 1 1 1 1 1 1 1 1 0 1 1 1 0 0 1 0
2.7310000000000016 1 1 1 1 1 1 0 0 0 0 0 0 1 1 1 1 1 0
2.744999999999997 0 1 1 1 1 1 1 0 0 0 0 1 1 1 1 0 1 0
2.753 0 1 1 1 1 1 1 1 1 1 1 0 1 1 1 1 0 1
2.780000000000001 0 1 1 1 1 1 1 1 1 1 0 0 1 1 1 0 1 0
2.835000000000001 0 1 1 1 1 1 1 1 1 1 0 0 1 1 1 1 1 1
2.835000000000001 0 1 1 1 1 1 1 1 1 1 1 1 1 1 1 1 1 1
2.838000000000001 0 1 1 1 1 1 1 1 1 1 1 1 1 1 1 1 1 0
2.8430000000000035 1 1 1 1 1 0 0 0 0 0 0 1 1 1 1 1 1 1
2.8599999999999994 0 1 1 1 1 1 1 1 1 1 1 0 1 1 1 0 1 0
2.8759999999999977 0 1 1 1 1 1 1 0 0 0 0 0 1 1 1 0 1 0
2.8759999999999977 0 1 1 1 1 1 1 1 1 1 1 0 1 1 1 1 1 0
2.8759999999999977 1 1 1 1 1 1 1 1 1 1 0 1 1 1 0 0 1 0
2.881999999999998 1 0 0 0 0 0 0 0 0 0 0 0 1 1 1 1 1 1
2.8840000000000003 0 1 1 1 1 1 1 1 1 1 0 1 1 1 1 0 1 0
2.8930000000000007 0 1 1 1 1 1 1 1 1 1 1 1 1 1 0 0 1 0
2.895000000000003 0 1 1 1 1 1 1 1 1 1 1 1 1 1 0 0 1 0
2.901000000000004 1 1 1 0 0 0 0 0 0 0 0 0 1 1 1 1 1 0
2.905999999999999 1 1 1 1 1 1 1 1 1 0 0 0 1 1 1 1 1 0
2.914000000000001 0 1 1 1 1 1 1 1 1 0 0 1 1 1 1 1 1 1
2.9279999999999973 1 1 1 1 1 0 0 0 0 0 0 0 1 1 1 1 1 0
2.9279999999999973 1 1 1 1 1 0 0 0 0 0 0 1 1 0 0 0 0 0
2.936 0 1 1 1 1 0 0 0 0 0 0 1 1 1 1 1 1 1
2.9450000000000003 0 1 1 1 1 1 1 1 1 1 0 0 1 1 1 1 1 1
2.9450000000000003 1 1 1 1 1 1 1 1 1 0 0 1 1 1 0 0 1 0
2.985999999999997 0 1 1 1 1 1 1 1 0 0 0 1 1 1 0 0 1 1
2.985999999999997 1 1 1 1 1 0 0 0 0 0 0 1 1 1 1 1 1 0
2.9990000000000023 1 1 1 1 1 1 1 0 0 0 0 1 1 1 1 1 1 0
3.0159999999999982 1 1 1 1 1 1 1 1 1 1 0 0 1 1 1 1 0 1
3.0180000000000007 0 1 1 1 1 1 0 0 0 0 0 1 1 0 0 0 1 0
3.024000000000001 1 1 1 1 0 0 0 0 0 0 0 0 1 1 1 0 1 0
3.0619999999999976 0 1 1 1 1 1 1 1 0 0 0 1 1 1 0 0 1 0
3.081000000000003 1 1 1 1 1 1 1 1 0 0 0 0 1 1 1 0 1 0
3.0900000000000034 0 1 0 0 0 0 0 0 0 0 0 0 1 1 0 0 1 0
3.094999999999999 1 1 1 1 1 0 0 0 0 0 0 1 1 1 1 1 1 1
3.097999999999999 1 1 1 0 0 0 0 0 0 0 0 0 1 1 1 1 1 0
3.128 0 1 1 0 0 0 0 0 0 0 0 1 1 1 1 1 0 1
3.128 1 1 1 1 1 0 0 0 0 0 0 0 1 1 0 0 1 0
3.136000000000003 1 1 1 1 0 0 0 0 0 0 0 1 1 0 0 0 1 1
3.1469999999999985 1 1 0 0 0 0 0 0 0 0 0 0 1 1 0 0 1 1
3.1499999999999986 0 1 1 1 1 1 1 1 1 1 1 1 1 1 1 0 1 0
3.1610000000000014 1 1 1 1 1 1 1 1 0 0 0 1 1 1 1 1 1 1
3.2180000000000035 0 1 1 1 1 1 1 1 1 1 0 0 1 0 0 0 0 0
3.2269999999999968 0 1 1 1 1 1 1 1 1 1 1 0 1 1 0 0 1 0
3.2379999999999995 1 1 1 1 1 1 1 1 0 0 0 1 1 1 1 1 1 0
3.246000000000002 1 1 1 1 0 0 0 0 0 0 0 0 1 1 1 1 1 1
3.265000000000001 0 1 1 1 1 1 1 1 0 0 0 0 0 0 0 0 1 1
3.270000000000003 0 1 1 1 1 1 1 1 1 1 0 1 1 1 1 0 1 0
3.270000000000003 1 1 1 1 1 1 1 0 0 0 0 0 1 1 1 1 1 1
3.283999999999999 1 1 1 1 0 0 0 0 0 0 0 0 0 0 0 0 1 0
3.3029999999999973 1 1 1 1 1 1 1 1 0 0 0 1 1 1 1 1 1 0
3.308999999999997 0 1 1 1 1 1 0 0 0 0 0 1 1 0 0 0 1 0
3.3200000000000003 0 1 1 1 1 1 1 1 1 0 0 1 1 1 1 1 0 1
3.3200000000000003 1 1 1 1 1 1 1 1 1 0 0 1 1 1 1 1 0 0
3.3359999999999985 1 0 0 0 0 0 0 0 0 0 0 0 1 1 1 1 1 1
3.344000000000001 0 1 0 0 0 0 0 0 0 0 0 0 1 1 1 0 0 0
3.3519999999999968 0 1 1 1 1 1 1 1 1 1 0 1 1 1 1 1 1 0
3.3740000000000023 1 1 1 1 0 0 0 0 0 0 0 0 1 1 0 0 1 0
3.3770000000000024 0 1 1 1 1 1 1 1 1 1 0 1 1 1 1 1 1 1
3.3909999999999982 0 1 1 1 1 1 0 0 0 0 0 0 1 1 1 1 0 0
3.4099999999999966 1 1 1 0 0 0 0 0 0 0 0 1 1 1 1 1 1 0
3.4129999999999967 1 1 1 1 1 0 0 0 0 0 0 1 1 0 0 0 1 0
3.4350000000000023 0 1 1 1 1 1 1 1 1 1 0 1 1 0 0 0 1 0
3.445999999999998 0 1 1 1 1 1 0 0 0 0 0 1 1 1 1 1 1 1
3.4510000000000005 0 1 1 1 1 1 1 1 1 1 0 1 1 1 1 1 1 1
3.4570000000000007 1 1 1 0 0 0 0 0 0 0 0 1 1 1 0 0 0 1
3.4650000000000034 0 1 1 1 1 1 0 0 0 0 0 0 0 0 0 0 1 1
3.4650000000000034 1 1 0 0 0 0 0 0 0 0 0 0 1 1 0 0 1 0
3.503 0 1 1 1 1 1 1 1 1 1 0 1 1 1 1 1 1 0
3.5219999999999985 1 1 1 1 1 1 1 0 0 0 0 1 1 1 1 1 1 1
3.539000000000001 0 1 1 1 1 1 1 1 0 0 0 0 0 0 0 0 1 0
3.543999999999997 0 1 1 0 0 0 0 0 0 0 0 1 1 0 0 0 0 0
3.546999999999997 1 1 0 0 0 0 0 0 0 0 0 1 1 1 0 0 1 0
3.603999999999999 0 1 1 1 1 1 0 0 0 0 0 0 1 0 0 0 1 0
3.621000000000002 0 1 1 1 1 1 1 1 0 0 0 0 1 1 1 1 0 0
3.6430000000000007 0 1 1 1 1 1 1 1 0 0 0 1 1 1 1 1 1 1
3.6510000000000034 1 1 1 1 1 0 0 0 0 0 0 1 1 1 1 1 1 1
3.6700000000000017 0 1 1 1 1 1 1 1 1 1 0 1 1 1 1 1 0 1
3.676000000000002 0 1 1 1 1 1 1 1 1 1 0 0 1 1 0 0 1 1
3.7079999999999984 0 1 1 1 1 1 1 1 1 1 0 1 1 1 1 1 0 0
3.7109999999999994 0 1 1 1 1 1 1 1 1 1 0 1 1 1 0 0 1 0
3.719000000000001 1 1 1 1 1 1 1 1 1 1 0 0 1 1 0 0 0 0
3.741 0 1 1 1 1 0 0 0 0 0 0 1 1 1 1 1 1 1
3.744 0 1 1 1 1 1 1 1 1 1 0 1 1 1 1 1 1 0
3.7490000000000014 0 1 1 1 1 1 1 1 1 1 0 1 1 1 1 1 1 0
3.780000000000001 0 1 1 1 1 1 1 1 1 1 0 1 1 1 1 0 1 0
3.790999999999997 0 1 1 1 1 1 1 1 0 0 0 1 0 0 0 0 1 0
3.796 0 1 1 1 1 0 0 0 0 0 0 1 1 1 1 1 1 0
3.820999999999998 0 1 1 1 1 1 1 1 1 1 0 1 1 1 0 0 1 0
3.8320000000000007 1 1 1 1 0 0 0 0 0 0 0 0 1 1 1 1 1 1
3.8370000000000033 0 1 1 1 1 1 1 1 1 1 0 0 1 1 1 1 1 1
3.844999999999999 0 1 1 1 1 1 1 1 1 1 0 1 1 1 1 1 0 0
3.875 0 1 1 1 1 1 1 1 1 1 0 0 1 0 0 0 1 0
3.895000000000003 0 1 1 1 1 1 1 1 1 1 0 1 1 1 1 0 0 0
3.899999999999999 0 1 1 1 0 0 0 0 0 0 0 1 0 0 0 0 0 0
3.924999999999997 0 1 1 1 1 1 1 1 1 1 0 1 1 1 1 1 1 1
3.93 0 1 1 1 1 1 1 1 1 1 0 1 1 1 1 1 1 1
3.9470000000000023 1 1 1 1 0 0 0 0 0 0 0 1 1 1 1 1 1 0
3.970999999999997 0 1 1 1 1 1 1 1 1 1 0 0 1 1 1 0 1 0
3.970999999999997 1 1 1 0 0 0 0 0 0 0 0 0 1 0 0 0 1 1
3.9769999999999968 0 1 1 1 1 1 1 1 1 0 0 0 1 1 1 0 1 1
3.985 1 1 1 1 1 1 1 0 0 0 0 1 1 1 1 1 1 1
4.006999999999998 1 1 1 1 0 0 0 0 0 0 0 0 1 1 1 0 1 0
4.042000000000002 0 1 1 1 1 1 1 1 1 1 0 0 1 1 1 1 1 0
4.042000000000002 1 1 0 0 0 0 0 0 0 0 0 1 1 1 1 1 1 0
4.051000000000002 1 1 1 1 1 1 1 1 0 0 0 0 0 0 0 0 1 0
4.055999999999997 0 0 0 0 0 0 0 0 0 0 0 0 1 1 1 1 0 0
4.0589999999999975 1 0 0 0 0 0 0 0 0 0 0 1 1 1 1 1 1 0
4.078000000000003 0 1 1 1 1 1 1 1 1 1 0 0 1 1 1 0 1 0
4.085999999999999 0 1 1 1 1 0 0 0 0 0 0 1 1 1 1 1 1 0
4.125 0 1 1 1 1 1 1 1 1 1 0 0 0 0 0 0 0 0
4.140999999999998 0 1 1 1 1 1 1 1 1 1 0 1 1 1 1 1 1 0
4.146000000000001 1 1 1 1 1 1 1 1 0 0 0 0 0 0 0 0 1 0
4.149000000000001 1 1 1 1 1 1 1 1 1 1 0 0 1 1 1 1 1 0
4.165999999999997 1 1 1 1 0 0 0 0 0 0 0 1 1 1 1 1 1 1
4.185000000000002 1 1 1 1 1 1 1 0 0 0 0 0 1 1 1 0 0 0
4.212000000000003 0 1 1 1 1 1 1 1 1 1 0 1 1 1 1 1 1 1
4.241999999999997 0 1 1 1 1 1 1 1 1 1 0 0 1 1 0 0 1 0
4.274999999999999 0 1 1 1 1 1 1 1 1 1 0 1 1 1 1 1 1 1
4.277999999999999 1 1 1 0 0 0 0 0 0 0 0 1 1 1 1 1 0 0
4.305 1 1 0 0 0 0 0 0 0 0 0 0 1 1 0 0 1 0
4.305 1 1 1 0 0 0 0 0 0 0 0 0 1 0 0 0 1 0
4.341000000000001 1 1 0 0 0 0 0 0 0 0 0 0 1 1 1 1 1 0
4.341000000000001 1 1 1 1 1 1 1 0 0 0 0 0 1 1 1 1 1 0
4.366 0 1 1 1 1 1 1 1 0 0 0 1 0 0 0 0 1 0
4.368000000000002 0 1 1 1 1 1 1 1 1 1 0 0 1 1 1 1 1 0
4.374000000000002 0 1 1 1 1 1 1 1 1 1 0 1 1 1 1 0 1 0
4.381999999999998 0 1 1 0 0 0 0 0 0 0 0 1 1 1 1 1 0 1
4.384999999999998 1 1 1 1 0 0 0 0 0 0 0 0 1 1 1 1 1 0
4.398000000000003 0 1 1 1 1 1 1 0 0 0 0 1 1 0 0 0 1 1
4.417999999999999 1 1 1 1 0 0 0 0 0 0 0 1 1 1 0 0 1 0
4.430999999999997 1 1 1 0 0 0 0 0 0 0 0 0 1 1 1 0 1 1
4.448 0 1 1 1 1 1 0 0 0 0 0 0 1 0 0 0 1 0
4.456000000000003 1 1 1 1 1 1 1 1 0 0 0 1 1 1 1 1 0 0
4.491 0 1 1 1 1 1 1 1 0 0 0 0 1 1 1 1 0 0
4.527000000000001 1 0 0 0 0 0 0 0 0 0 0 1 1 1 1 1 1 0
4.533000000000001 0 1 1 1 1 1 1 1 0 0 0 0 0 0 0 0 1 0
4.542999999999999 0 1 1 1 1 1 1 1 1 1 0 1 1 0 0 0 1 0
4.552 0 1 1 1 1 1 1 0 0 0 0 0 1 1 0 0 0 0
4.554000000000002 1 1 1 1 0 0 0 0 0 0 0 0 1 1 1 1 1 1
4.557000000000002 1 1 1 0 0 0 0 0 0 0 0 0 1 1 1 1 1 1
4.585000000000001 0 1 1 1 1 1 1 1 1 1 0 1 1 1 1 1 0 0
4.600999999999999 0 1 1 1 1 1 1 1 1 1 0 1 1 0 0 0 1 0
4.639000000000003 1 1 1 0 0 0 0 0 0 0 0 1 1 1 1 1 1 0
4.642000000000003 0 1 1 1 1 1 1 0 0 0 0 1 1 0 0 0 1 0
4.642000000000003 1 1 1 1 1 1 1 1 1 1 0 1 1 1 1 0 1 0
4.648000000000003 1 1 1 1 1 0 0 0 0 0 0 0 1 1 1 1 1 0
4.655999999999999 0 1 1 1 1 1 1 1 1 0 0 1 1 1 1 1 1 1
4.655999999999999 1 1 1 1 0 0 0 0 0 0 0 0 1 0 0 0 0 0
4.6640000000000015 0 1 1 1 1 0 0 0 0 0 0 0 1 1 1 1 1 0
4.674999999999997 1 1 1 1 1 1 1 1 1 1 0 0 1 1 1 0 1 1
4.6910000000000025 0 1 1 1 1 1 1 1 0 0 0 1 1 1 1 1 1 1
4.7209999999999965 0 1 1 1 1 1 1 1 1 1 0 1 1 1 1 0 1 0
4.723999999999997 1 1 1 0 0 0 0 0 0 0 0 1 1 0 0 0 1 0
4.749000000000002 1 1 1 1 0 0 0 0 0 0 0 0 1 1 1 1 1 0
4.753999999999998 0 1 1 1 1 1 1 1 1 1 0 0 1 1 1 1 1 0
4.756999999999998 1 1 1 1 0 0 0 0 0 0 0 1 1 1 1 1 1 1
4.768000000000001 1 1 1 1 1 0 0 0 0 0 0 1 0 0 0 0 0 0
4.771000000000001 1 1 1 1 1 1 0 0 0 0 0 0 1 1 1 1 1 0
4.783999999999999 1 1 1 1 1 1 1 1 0 0 0 0 0 0 0 0 1 0
4.850000000000001 1 1 0 0 0 0 0 0 0 0 0 1 1 1 1 0 1 1
4.856000000000002 1 1 1 1 0 0 0 0 0 0 0 1 1 0 0 0 1 1
4.860999999999997 0 1 1 1 1 1 1 1 1 0 0 0 1 1 0 0 1 0
4.866999999999997 0 1 1 1 0 0 0 0 0 0 0 1 1 1 0 0 1 0
4.877000000000002 0 1 1 1 1 1 1 1 1 1 0 1 1 1 0 0 1 0
4.887999999999998 0 1 1 1 0 0 0 0 0 0 0 1 1 1 1 1 1 1
4.902000000000001 0 1 1 1 1 1 1 1 0 0 0 0 1 1 1 1 1 1
4.908000000000001 0 1 1 1 1 1 1 1 1 1 0 1 1 1 1 1 1 0
4.908000000000001 1 1 1 1 1 1 0 0 0 0 0 1 1 1 1 1 1 0
4.939999999999998 1 1 1 1 1 1 1 1 1 0 0 0 1 1 1 1 1 1
4.942999999999998 1 1 1 1 0 0 0 0 0 0 0 0 1 0 0 0 1 0
4.945999999999998 0 1 0 0 0 0 0 0 0 0 0 1 1 1 0 0 1 0
4.9510000000000005 1 1 1 1 0 0 0 0 0 0 0 0 1 1 1 1 1 0
4.9709999999999965 0 1 1 1 1 1 1 1 1 1 0 0 1 1 1 1 1 0
4.984000000000002 1 1 1 1 1 1 1 0 0 0 0 0 1 1 1 1 1 0
4.984000000000002 1 1 1 1 1 1 1 1 1 1 0 1 1 1 1 1 1 1
4.994999999999997 0 1 1 1 1 1 1 1 1 0 0 0 1 1 1 1 1 0
5.000999999999998 1 1 1 1 1 1 1 1 1 0 0 1 1 1 1 0 1 0
5.009 1 1 1 1 0 0 0 0 0 0 0 1 1 1 1 1 1 1
5.024999999999999 0 1 1 1 1 1 1 1 1 1 0 0 1 1 1 1 1 1
5.027999999999999 0 1 1 1 1 1 1 0 0 0 0 0 1 1 0 0 1 0
5.046999999999997 1 1 1 1 0 0 0 0 0 0 0 0 1 0 0 0 1 0
5.058 1 1 1 1 1 1 0 0 0 0 0 1 0 0 0 0 0 0
5.098999999999997 1 1 1 1 0 0 0 0 0 0 0 0 1 1 1 1 1 0
5.098999999999997 1 1 1 1 1 0 0 0 0 0 0 0 1 1 1 1 1 1
5.109999999999999 0 1 1 1 1 1 1 1 1 1 0 1 1 1 1 1 1 0
5.109999999999999 1 1 1 1 1 1 1 1 1 1 0 0 1 1 0 0 0 0
5.118000000000002 1 1 1 1 1 1 0 0 0 0 0 0 0 0 0 0 1 0
5.121000000000002 0 1 1 1 1 1 1 1 1 1 0 1 0 0 0 0 1 0
5.127000000000002 0 1 1 1 1 1 1 1 1 1 0 0 1 1 0 0 1 0
5.146000000000001 0 1 1 1 1 1 1 1 1 1 0 0 1 1 1 1 1 0
5.146000000000001 1 1 0 0 0 0 0 0 0 0 0 0 1 1 1 1 0 1
5.170000000000002 0 1 1 1 1 1 1 1 1 0 0 0 1 1 1 1 1 0
5.170000000000002 1 1 1 1 1 1 1 1 1 0 0 1 1 1 1 1 1 0
5.176000000000002 0 1 1 1 1 1 1 1 1 1 0 1 1 0 0 0 1 1
5.180999999999997 1 1 1 1 1 0 0 0 0 0 0 0 1 1 0 0 1 0
5.203000000000003 1 1 1 0 0 0 0 0 0 0 0 1 1 1 1 1 1 1
5.216999999999999 0 1 1 1 1 1 1 1 1 1 0 0 1 1 1 1 1 1
5.244 0 1 1 1 1 1 1 1 1 1 0 1 1 1 1 1 0 0
5.253 1 1 1 0 0 0 0 0 0 0 0 0 1 1 0 0 1 0
5.258000000000003 0 1 1 1 1 1 1 1 1 1 0 1 1 1 1 1 1 1
5.264000000000003 1 1 1 1 1 1 1 1 1 0 0 1 1 1 1 0 1 0
5.265999999999998 0 1 0 0 0 0 0 0 0 0 0 1 1 1 1 1 1 1
5.265999999999998 0 1 1 1 1 1 1 1 1 1 0 1 1 1 1 0 1 0
5.277000000000001 0 1 1 1 1 1 1 1 0 0 0 0 1 1 1 0 1 1
5.287999999999997 0 1 1 1 1 1 0 0 0 0 0 0 1 0 0 0 1 0
5.305 0 1 0 0 0 0 0 0 0 0 0 1 1 1 1 0 0 1
5.310000000000002 1 1 1 1 1 1 1 1 1 1 0 1 1 1 1 1 1 0
5.3260000000000005 0 1 1 1 1 1 1 1 1 0 0 0 0 0 0 0 0 1
5.332000000000001 0 1 1 1 1 1 1 1 1 1 0 0 1 1 1 0 0 0
5.350999999999999 1 1 1 1 0 0 0 0 0 0 0 1 1 1 1 1 1 0
5.356999999999999 1 1 1 1 1 1 1 1 1 0 0 1 1 1 1 1 1 1
5.365000000000002 0 1 0 0 0 0 0 0 0 0 0 1 1 1 1 0 0 0
5.365000000000002 0 1 1 1 1 1 1 1 1 1 0 0 1 1 1 1 0 1
5.381 1 1 0 0 0 0 0 0 0 0 0 1 1 1 1 1 1 1
5.389000000000003 0 1 1 1 1 1 1 1 1 1 0 0 0 0 0 0 0 0
5.398000000000003 1 1 1 1 1 1 1 1 1 1 0 0 1 1 1 1 1 1
5.405999999999999 0 1 1 1 1 1 1 1 0 0 0 1 1 1 1 1 0 0
5.405999999999999 0 1 1 1 1 1 1 1 1 1 0 1 1 1 1 1 1 1
5.408999999999999 1 1 1 1 1 1 1 1 1 1 0 1 0 0 0 0 1 1
5.411000000000001 0 1 1 1 1 1 1 1 1 1 0 0 1 1 1 1 1 0
5.420000000000002 0 1 1 1 1 1 1 1 1 1 0 1 1 1 1 1 1 1
5.430999999999997 1 1 1 1 0 0 0 0 0 0 0 0 1 0 0 0 1 0
5.433 0 1 1 1 1 1 1 0 0 0 0 0 1 1 0 0 1 0
5.454999999999998 0 1 1 0 0 0 0 0 0 0 0 0 1 1 1 1 1 1
5.454999999999998 0 1 1 1 1 1 1 1 1 1 0 1 1 1 1 0 1 0
5.479999999999997 0 1 1 1 0 0 0 0 0 0 0 0 1 1 1 1 1 0
5.534999999999997 1 1 1 1 1 1 1 0 0 0 0 0 1 1 1 0 1 0
5.554000000000002 1 1 1 1 1 1 1 0 0 0 0 0 1 1 1 1 1 1
5.578000000000003 0 1 1 1 1 1 1 1 1 0 0 0 1 1 1 1 1 0
5.581000000000003 1 1 1 0 0 0 0 0 0 0 0 0 1 0 0 0 1 0
5.588999999999999 0 1 1 1 1 1 1 1 1 1 0 0 1 0 0 0 1 0
5.588999999999999 1 1 0 0 0 0 0 0 0 0 0 1 1 1 1 1 1 1
5.591999999999999 1 1 1 1 0 0 0 0 0 0 0 1 0 0 0 0 1 0
5.639000000000003 1 1 1 1 1 1 0 0 0 0 0 0 1 1 1 0 1 1
5.649999999999999 1 1 1 0 0 0 0 0 0 0 0 0 1 1 1 1 0 1
5.661000000000001 0 1 1 1 1 1 1 1 1 1 0 0 1 1 1 1 1 1
5.662999999999997 1 1 1 1 1 1 1 0 0 0 0 0 1 1 1 0 1 0
5.713000000000001 1 1 1 1 1 0 0 0 0 0 0 0 1 1 1 1 1 1
5.725999999999999 1 1 1 0 0 0 0 0 0 0 0 1 1 1 1 0 0 1
5.740000000000002 0 1 1 1 1 1 1 1 0 0 0 1 1 1 1 0 1 0
5.765000000000001 0 1 1 1 1 0 0 0 0 0 0 1 1 1 0 0 1 0
5.765000000000001 0 1 1 1 1 1 1 1 0 0 0 0 1 1 1 0 1 0
5.773000000000003 1 1 1 1 1 1 1 0 0 0 0 0 1 1 1 0 1 0
5.774999999999999 0 1 1 1 1 1 1 1 1 1 0 1 1 0 0 0 1 0
5.777999999999999 0 1 1 1 1 1 1 1 1 1 0 1 1 1 1 1 1 0
5.780999999999999 0 1 1 1 1 1 0 0 0 0 0 0 0 0 0 0 1 0
5.783999999999999 0 1 1 1 1 1 1 1 1 1 0 1 0 0 0 0 0 0
5.795000000000002 0 1 1 1 1 1 1 1 1 1 0 0 1 1 1 0 1 1
5.808 0 1 1 0 0 0 0 0 0 0 0 1 1 1 1 1 1 1
5.832999999999998 0 1 1 1 1 1 1 0 0 0 0 0 0 0 0 0 1 0
5.851999999999997 0 1 1 1 1 1 1 0 0 0 0 0 1 0 0 0 1 0
5.874000000000002 0 1 1 1 1 1 1 1 1 0 0 0 1 1 1 1 1 1
5.887999999999998 0 1 1 1 1 1 1 1 1 1 0 1 1 1 1 1 1 0
5.896000000000001 0 1 1 1 1 1 1 0 0 0 0 1 0 0 0 0 1 0
5.901000000000003 1 1 1 1 1 1 1 0 0 0 0 0 1 1 1 0 1 0
5.911999999999999 1 1 1 1 1 1 1 1 0 0 0 0 0 0 0 0 1 0
5.963999999999999 0 1 1 1 1 1 1 1 1 1 0 1 0 0 0 0 1 0
5.969999999999999 1 1 1 1 1 1 1 1 0 0 0 0 1 1 1 1 1 0
5.984000000000002 1 1 1 1 1 1 1 0 0 0 0 1 1 1 1 1 1 1
6.005000000000003 0 1 1 1 1 1 1 1 1 1 0 0 1 1 1 1 1 0
6.067999999999998 1 1 1 1 0 0 0 0 0 0 0 1 1 1 1 1 1 0
6.079000000000001 0 1 1 1 1 1 1 1 0 0 0 1 1 0 0 0 0 0
6.100999999999999 0 1 1 1 1 1 1 1 1 1 0 0 1 1 1 1 1 0
6.125999999999998 0 1 1 1 1 1 1 1 1 1 0 0 1 1 1 1 1 1
6.140000000000001 0 1 1 1 1 1 1 1 1 1 0 1 1 1 1 1 1 1
6.142000000000003 1 1 1 1 1 1 1 1 1 1 0 1 1 1 0 0 0 0
6.170000000000002 1 1 1 1 1 1 1 1 0 0 0 1 0 0 0 0 1 0
6.216000000000001 1 1 1 1 1 1 1 1 0 0 0 1 1 1 1 1 1 0
6.238 1 1 1 1 1 1 1 0 0 0 0 0 1 1 1 1 1 0
6.252000000000002 1 1 0 0 0 0 0 0 0 0 0 1 1 1 1 1 1 0
6.277000000000001 0 1 1 1 1 1 1 1 1 1 0 1 1 1 1 1 0 0
6.295999999999999 1 1 1 1 1 1 1 1 1 0 0 0 1 1 1 1 1 0
6.301000000000002 1 1 1 1 1 0 0 0 0 0 0 1 1 1 1 1 0 0
6.311999999999998 0 1 1 1 1 1 1 1 1 1 0 0 1 1 1 1 1 1
6.311999999999998 1 1 0 0 0 0 0 0 0 0 0 0 1 1 1 0 0 1
6.338999999999999 1 1 1 1 1 0 0 0 0 0 0 1 1 1 1 1 1 1
6.396999999999999 1 1 0 0 0 0 0 0 0 0 0 1 1 1 0 0 1 1
6.405000000000001 0 1 1 1 1 1 1 1 1 1 0 1 1 1 1 1 1 1
6.427 0 1 1 1 1 1 1 1 1 0 0 1 1 1 1 0 1 0
6.433 0 1 1 1 1 1 1 1 0 0 0 1 1 1 1 0 1 0
6.484999999999999 1 0 0 0 0 0 0 0 0 0 0 1 1 1 1 1 1 0
6.500999999999998 1 1 1 1 0 0 0 0 0 0 0 1 0 0 0 0 1 0
6.520000000000003 0 1 1 1 1 1 1 1 1 0 0 1 1 1 1 1 1 1
6.530999999999999 1 1 1 1 0 0 0 0 0 0 0 1 1 1 1 1 1 0
6.536999999999999 1 1 1 0 0 0 0 0 0 0 0 1 1 0 0 0 1 0
6.548000000000002 0 1 1 1 1 1 1 1 1 1 0 0 1 1 1 0 1 0
6.600000000000001 1 1 0 0 0 0 0 0 0 0 0 1 1 1 1 1 1 1
6.613 0 1 1 1 1 1 1 1 1 1 0 1 1 1 0 0 1 0
6.640999999999998 1 1 1 1 1 0 0 0 0 0 0 0 1 1 1 1 1 1
6.6569999999999965 0 1 1 1 1 1 1 1 0 0 0 1 1 1 1 0 0 0
6.662999999999997 0 1 1 1 1 1 1 1 1 0 0 0 1 1 0 0 1 1
6.670999999999999 1 1 1 1 1 1 1 0 0 0 0 0 1 1 0 0 1 0
6.676000000000002 1 1 1 1 1 1 1 1 1 1 0 0 1 1 0 0 0 0
6.679000000000002 1 1 1 1 1 0 0 0 0 0 0 1 0 0 0 0 0 1
6.686999999999998 1 1 1 1 1 1 1 1 1 0 0 0 1 1 1 1 0 1
6.706000000000003 1 1 1 0 0 0 0 0 0 0 0 1 1 1 1 1 0 0
6.712000000000003 0 1 1 1 1 1 1 1 1 0 0 0 0 0 0 0 0 0
6.75 1 1 1 1 0 0 0 0 0 0 0 0 1 1 1 1 1 0
6.761000000000003 1 1 1 1 1 0 0 0 0 0 0 0 1 1 1 1 1 1
6.786000000000001 0 1 1 1 1 1 1 1 1 0 0 0 1 1 1 1 1 0
6.810000000000002 0 1 1 1 1 1 1 0 0 0 0 1 0 0 0 0 1 0
6.810000000000002 1 1 1 0 0 0 0 0 0 0 0 0 1 1 0 0 1 1
6.8160000000000025 0 1 1 1 1 1 1 1 1 1 0 1 1 1 1 1 1 1
6.819000000000003 0 1 1 1 1 1 1 1 1 0 0 1 1 1 1 1 1 0
6.819000000000003 1 1 0 0 0 0 0 0 0 0 0 1 1 1 1 1 0 1
6.819000000000003 1 1 1 1 1 1 1 0 0 0 0 0 1 1 1 0 1 0
6.820999999999998 1 1 1 1 1 1 1 1 1 0 0 1 1 1 1 1 1 0
6.826999999999998 0 1 1 1 0 0 0 0 0 0 0 1 1 1 1 0 0 0
6.835000000000001 0 1 1 1 1 1 1 1 1 1 0 0 1 1 1 1 0 0
6.835000000000001 0 1 1 1 1 1 1 1 1 1 0 1 1 1 1 1 1 1
6.843000000000004 1 1 1 1 1 1 1 1 1 1 0 1 1 1 0 0 1 0
6.856999999999999 0 1 1 1 1 1 0 0 0 0 0 1 1 1 1 1 1 0
6.868000000000002 1 1 1 1 0 0 0 0 0 0 0 0 1 1 1 1 1 1
6.878999999999998 0 1 1 0 0 0 0 0 0 0 0 0 1 1 0 0 1 0
6.901000000000003 0 1 1 1 1 1 1 1 1 1 0 1 0 0 0 0 1 0
6.939 0 1 1 1 1 1 1 1 1 1 0 0 1 1 1 1 1 1
6.942 1 1 1 0 0 0 0 0 0 0 0 1 1 1 1 1 0 1
6.947000000000003 0 1 1 1 1 1 1 1 1 1 0 0 1 1 1 0 1 0
6.957999999999998 0 1 1 1 1 1 1 0 0 0 0 0 0 0 0 0 0 0
6.969000000000001 0 1 1 1 1 1 1 1 1 1 0 0 1 1 1 1 1 0
6.969000000000001 1 1 1 1 0 0 0 0 0 0 0 0 1 1 1 1 1 1
6.972000000000001 0 1 1 1 1 1 1 1 1 1 0 1 1 1 1 1 1 0
6.988 1 1 1 1 1 1 1 1 1 0 0 1 1 1 1 1 1 1
6.991 0 1 1 1 1 1 1 1 1 1 0 1 1 1 1 1 1 1
7.018000000000001 0 1 1 1 1 1 1 1 1 1 0 1 1 1 0 0 1 0
7.045999999999999 0 1 1 1 1 1 1 0 0 0 0 1 1 1 1 1 1 0
7.045999999999999 0 1 1 1 1 1 1 1 0 0 0 0 1 0 0 0 1 0
7.067999999999998 0 1 1 1 1 0 0 0 0 0 0 1 1 1 1 1 1 1
7.073 1 1 1 1 1 0 0 0 0 0 0 1 1 0 0 0 1 0
7.081000000000003 0 1 1 1 1 1 1 1 1 1 0 1 1 0 0 0 0 0
7.106000000000002 0 1 1 1 1 1 1 1 1 1 0 0 1 1 1 1 1 0
7.109000000000002 1 1 0 0 0 0 0 0 0 0 0 0 1 1 1 0 1 0
7.113999999999997 1 1 1 1 0 0 0 0 0 0 0 1 1 1 0 0 1 0
7.119999999999997 0 1 1 1 1 1 1 1 1 1 0 1 1 1 0 0 1 0
7.119999999999997 1 1 1 1 1 1 1 1 1 0 0 0 1 0 0 0 1 0
7.133000000000003 0 1 1 1 1 1 1 0 0 0 0 0 0 0 0 0 1 0
7.18 0 1 1 1 0 0 0 0 0 0 0 1 1 1 1 1 0 0
7.194000000000003 1 1 1 1 1 1 1 1 1 1 0 0 1 1 1 1 0 1
7.201999999999998 0 1 1 1 1 1 1 1 1 1 0 0 1 1 0 0 1 1
7.207000000000001 1 1 0 0 0 0 0 0 0 0 0 1 1 1 1 1 1 1
7.240000000000002 0 1 1 1 1 1 1 1 1 1 0 0 1 1 1 1 1 1
7.246000000000002 1 1 0 0 0 0 0 0 0 0 0 0 1 1 1 0 0 0
7.253999999999998 1 1 0 0 0 0 0 0 0 0 0 1 1 1 1 1 1 0
7.295000000000002 1 1 1 1 1 1 1 1 0 0 0 1 1 1 1 1 1 1
7.299999999999997 1 1 1 1 1 1 1 1 1 1 0 0 1 1 1 0 1 0
7.311 0 1 1 1 1 1 1 1 1 1 0 1 1 1 0 0 1 0
7.317 1 1 1 1 1 0 0 0 0 0 0 1 1 0 0 0 1 0
7.351999999999997 0 1 1 1 1 1 1 1 1 1 0 0 1 1 1 0 1 0
7.360999999999997 0 1 1 1 1 1 1 0 0 0 0 1 0 0 0 0 1 0
7.362999999999999 1 1 1 1 1 1 1 0 0 0 0 0 1 1 1 1 1 1
7.374000000000002 1 1 1 0 0 0 0 0 0 0 0 0 1 1 1 1 1 0
7.387999999999998 1 1 1 1 1 1 1 1 1 0 0 0 1 1 1 1 1 1
7.4069999999999965 1 1 1 1 1 1 0 0 0 0 0 0 1 1 1 1 1 0
7.435000000000002 1 1 1 1 0 0 0 0 0 0 0 1 1 1 1 1 1 1
7.442999999999998 0 1 0 0 0 0 0 0 0 0 0 1 1 1 1 0 1 0
7.451 1 1 1 1 1 0 0 0 0 0 0 1 1 1 1 1 1 1
7.472999999999999 1 1 1 0 0 0 0 0 0 0 0 1 1 1 1 0 0 1
7.475999999999999 1 1 1 1 0 0 0 0 0 0 0 1 0 0 0 0 1 0
7.481000000000002 1 1 1 1 1 1 1 1 1 1 0 1 1 1 1 1 1 0
7.5 1 1 1 1 1 1 0 0 0 0 0 0 1 1 1 1 1 1
7.506 1 1 1 0 0 0 0 0 0 0 0 1 1 1 1 1 1 1
7.524999999999999 0 1 1 1 1 1 1 1 1 1 0 1 1 1 1 1 1 1
7.555 1 1 1 1 1 1 1 0 0 0 0 1 1 1 1 1 1 1
7.566000000000002 1 1 1 1 0 0 0 0 0 0 0 0 1 1 1 1 1 0
7.573999999999998 0 1 1 1 1 1 1 1 1 1 0 1 1 1 1 1 1 0
7.625999999999998 0 1 1 1 1 1 1 1 0 0 0 0 1 0 0 0 0 0
7.631999999999998 0 1 1 1 1 1 1 1 1 1 0 0 1 0 0 0 1 0
7.655999999999999 1 1 1 1 1 1 1 0 0 0 0 1 1 1 1 1 1 1
7.661999999999999 0 0 0 0 0 0 0 0 0 0 0 0 1 1 1 1 1 0
7.661999999999999 1 1 1 0 0 0 0 0 0 0 0 1 1 1 1 1 0 1
7.676000000000002 0 1 1 1 0 0 0 0 0 0 0 1 0 0 0 0 1 1
7.707999999999998 0 1 1 0 0 0 0 0 0 0 0 1 1 1 1 0 1 0
7.7280000000000015 1 1 1 1 1 1 1 1 0 0 0 1 1 1 1 0 1 0
7.732999999999997 1 1 1 0 0 0 0 0 0 0 0 1 1 1 0 0 1 0
7.738999999999997 0 1 1 1 1 1 0 0 0 0 0 1 1 1 0 0 1 0
7.771000000000001 1 1 1 1 1 1 1 1 1 1 0 1 1 1 1 0 1 0
7.798999999999999 0 1 1 1 1 1 1 1 1 1 0 1 1 1 0 0 1 0
7.814999999999998 0 1 1 1 1 1 1 1 1 1 0 1 1 1 1 1 1 1
7.859000000000002 0 1 1 1 1 1 1 1 1 1 0 1 1 0 0 0 1 0
7.872999999999997 0 1 1 1 1 1 1 1 1 1 0 0 1 1 1 1 1 1
7.881 0 1 1 1 1 1 1 1 1 0 0 1 1 1 1 1 1 1
7.881 1 1 1 0 0 0 0 0 0 0 0 1 1 1 1 1 0 1
7.905999999999999 1 1 1 1 1 1 1 0 0 0 0 0 1 0 0 0 1 1
7.911000000000001 1 1 1 1 0 0 0 0 0 0 0 0 1 1 1 1 1 1
7.915999999999997 1 1 1 1 1 1 0 0 0 0 0 0 1 1 1 1 1 1
7.924999999999997 1 1 1 1 1 1 1 1 1 0 0 1 1 1 0 0 1 0
7.933 1 1 1 1 1 1 1 1 0 0 0 0 1 0 0 0 1 0
7.938000000000002 0 1 1 1 1 1 1 1 1 1 0 1 1 1 0 0 1 0
7.9709999999999965 1 1 1 1 1 1 1 1 1 0 0 1 1 1 1 1 1 1
8.000999999999998 0 1 1 1 1 1 1 1 1 1 0 0 1 1 1 1 1 1
8.012 0 1 1 1 1 1 1 1 1 1 0 0 1 1 1 1 1 1
8.018 1 1 1 1 1 0 0 0 0 0 0 1 1 1 1 1 1 1
8.029000000000003 0 1 1 1 1 1 1 1 1 1 0 0 1 1 1 1 1 1
8.033999999999999 0 1 1 1 1 1 1 1 1 1 0 1 1 1 0 0 1 0
8.036999999999999 1 0 0 0 0 0 0 0 0 0 0 0 1 1 1 1 0 0
8.04 0 1 1 1 1 1 1 1 1 1 0 1 1 1 1 1 1 1
8.042000000000002 1 1 0 0 0 0 0 0 0 0 0 0 1 1 1 0 1 0
8.052999999999997 1 0 0 0 0 0 0 0 0 0 0 1 1 1 1 1 0 1
8.058999999999997 1 1 1 1 1 1 1 1 1 0 0 0 1 1 1 0 1 0
8.081000000000003 1 1 1 1 1 1 1 0 0 0 0 0 1 0 0 0 1 1
8.091999999999999 0 1 1 1 1 1 1 1 1 1 0 1 1 1 1 0 1 0
8.097000000000001 1 1 1 1 1 1 1 0 0 0 0 0 1 1 1 1 1 1
8.103000000000002 0 1 1 1 1 1 1 1 1 0 0 1 1 1 1 1 1 0
8.107999999999997 0 1 1 1 1 1 1 1 1 0 0 1 1 1 1 1 1 0
8.140999999999998 0 1 1 1 1 1 1 1 1 1 0 1 1 1 1 0 1 0
8.155000000000001 0 1 1 1 1 1 1 1 1 1 0 0 1 1 1 1 1 0
8.182000000000002 1 1 1 1 1 0 0 0 0 0 0 0 1 1 1 1 0 1
8.231000000000002 1 1 1 1 1 0 0 0 0 0 0 1 1 1 1 1 1 1
8.241999999999997 0 0 0 0 0 0 0 0 0 0 0 0 1 1 1 1 0 1
8.271999999999998 0 1 1 1 1 1 1 1 1 1 0 0 1 1 1 1 1 1
8.286000000000001 1 1 1 1 1 1 1 1 0 0 0 0 1 1 1 1 1 1
8.292000000000002 1 1 1 1 1 0 0 0 0 0 0 0 1 1 1 1 0 1
8.299999999999997 0 1 1 1 1 1 1 1 1 1 0 0 1 1 1 0 1 0
8.308 1 1 1 1 1 1 0 0 0 0 0 1 1 1 1 1 1 1
8.323999999999998 0 1 1 1 1 1 1 1 1 0 0 1 1 1 1 1 1 1
8.326999999999998 0 1 1 1 1 1 1 1 1 0 0 0 1 1 1 1 1 0
8.326999999999998 0 1 1 1 1 1 1 1 1 1 0 0 1 0 0 0 1 0
8.354999999999997 1 1 1 1 0 0 0 0 0 0 0 1 1 1 1 0 1 1
8.404000000000003 0 1 1 1 1 1 1 1 1 1 0 0 1 1 1 1 0 1
8.406999999999996 0 1 1 1 1 1 1 1 1 1 0 1 1 1 1 1 1 0
8.408999999999999 0 1 1 1 1 1 1 1 1 1 0 1 1 1 1 1 0 1
8.436999999999998 1 1 1 1 1 1 0 0 0 0 0 1 1 0 0 0 0 1
8.479999999999997 1 0 0 0 0 0 0 0 0 0 0 0 1 1 1 1 0 0
8.497 0 1 1 1 1 1 0 0 0 0 0 0 0 0 0 0 1 1
8.512999999999998 0 1 1 1 1 1 1 1 1 0 0 0 1 1 1 1 1 0
8.512999999999998 1 1 0 0 0 0 0 0 0 0 0 1 1 1 1 1 1 1
8.557000000000002 1 1 1 1 0 0 0 0 0 0 0 0 1 1 1 1 1 0
8.570999999999998 0 1 1 1 1 1 1 1 1 1 0 0 1 1 1 1 0 1
8.585 0 1 1 1 1 1 0 0 0 0 0 0 1 1 1 1 1 0
8.585 0 1 1 1 1 1 1 1 1 1 0 0 1 1 0 0 1 0
8.615000000000002 1 1 1 1 1 1 1 1 0 0 0 1 1 1 1 0 1 0
8.634 0 1 1 1 0 0 0 0 0 0 0 0 1 1 1 1 1 1
8.639000000000003 0 1 1 1 1 1 1 1 1 1 0 0 1 1 0 0 1 0
8.639000000000003 1 1 1 1 1 1 1 0 0 0 0 0 1 1 1 1 1 0
8.642000000000003 1 1 1 1 1 1 1 1 1 0 0 0 1 0 0 0 1 0
8.648000000000003 1 1 1 0 0 0 0 0 0 0 0 0 1 1 1 1 1 0
8.652999999999999 0 1 1 1 1 1 1 0 0 0 0 1 1 1 1 1 0 0
8.655999999999999 0 1 1 1 1 1 1 1 1 0 0 1 1 1 1 1 1 0
8.697000000000003 0 1 1 1 1 1 1 1 1 1 0 1 1 1 1 0 1 0
8.701999999999998 1 1 1 1 0 0 0 0 0 0 0 0 1 1 0 0 1 0
8.704999999999998 1 1 1 0 0 0 0 0 0 0 0 0 1 1 1 0 1 1
8.71 0 1 1 1 0 0 0 0 0 0 0 0 1 1 0 0 1 0
8.71 1 1 1 1 1 1 1 1 1 0 0 0 1 0 0 0 1 0
8.735 1 1 1 1 1 1 1 0 0 0 0 0 1 1 0 0 1 0
8.735 1 1 1 1 1 1 1 0 0 0 0 1 1 1 1 0 1 0
8.753999999999998 1 0 0 0 0 0 0 0 0 0 0 0 1 1 1 1 0 1
8.759999999999998 1 1 1 1 1 0 0 0 0 0 0 1 1 1 1 1 1 0
8.765 1 1 1 0 0 0 0 0 0 0 0 0 1 1 1 1 0 0
8.783999999999999 0 1 1 1 1 1 1 1 1 0 0 0 1 1 1 1 1 0
8.786999999999999 1 1 1 1 0 0 0 0 0 0 0 0 1 1 1 1 1 0
8.795000000000002 1 1 1 0 0 0 0 0 0 0 0 1 1 1 1 0 1 0
8.798000000000002 1 1 1 1 1 1 1 0 0 0 0 0 1 0 0 0 1 0
8.805999999999997 0 1 1 1 1 1 1 1 1 1 0 0 1 1 0 0 1 1
8.817 0 1 1 1 1 1 1 1 1 1 0 0 1 1 1 1 1 0
8.82 1 1 1 0 0 0 0 0 0 0 0 0 1 1 1 1 1 0
8.823 0 1 1 1 1 0 0 0 0 0 0 0 1 1 1 1 1 0
8.835999999999999 1 1 1 0 0 0 0 0 0 0 0 1 1 1 1 1 1 1
8.853000000000002 1 1 1 0 0 0 0 0 0 0 0 1 1 1 1 0 1 0
8.857999999999997 1 1 1 0 0 0 0 0 0 0 0 1 1 1 0 0 1 1
8.880000000000003 0 1 1 0 0 0 0 0 0 0 0 1 1 1 1 1 0 1
8.883000000000003 1 1 1 1 1 0 0 0 0 0 0 0 1 0 0 0 1 0
8.942999999999998 1 1 1 0 0 0 0 0 0 0 0 0 1 1 1 0 1 0
8.951 0 1 1 1 1 1 0 0 0 0 0 0 0 0 0 0 1 0
8.968000000000004 1 1 1 1 1 1 0 0 0 0 0 0 1 1 1 1 1 0
8.970999999999997 1 1 1 0 0 0 0 0 0 0 0 1 0 0 0 0 1 0
8.972999999999999 1 1 1 1 0 0 0 0 0 0 0 1 1 1 1 1 1 1
8.975999999999999 1 1 1 0 0 0 0 0 0 0 0 1 0 0 0 0 1 0
8.984000000000002 1 1 1 1 1 1 1 1 0 0 0 1 1 1 1 0 1 0
8.991999999999997 1 1 1 1 1 0 0 0 0 0 0 0 1 1 1 1 1 1
8.997999999999998 1 1 1 0 0 0 0 0 0 0 0 1 0 0 0 0 1 0
9.006 1 1 1 0 0 0 0 0 0 0 0 1 1 0 0 0 1 0
9.072000000000005 1 1 1 1 1 1 1 1 1 0 0 0 1 1 1 1 1 1
9.075000000000005 0 1 1 1 1 1 1 1 1 1 0 0 1 1 1 1 1 1
9.076999999999998 1 1 1 0 0 0 0 0 0 0 0 0 1 1 1 0 1 0
9.086 1 1 1 1 0 0 0 0 0 0 0 1 1 0 0 0 1 1
9.104999999999997 1 1 0 0 0 0 0 0 0 0 0 0 1 1 1 1 1 0
9.118000000000002 0 1 1 1 1 1 1 1 1 0 0 1 1 1 1 0 1 0
9.124000000000002 0 1 1 1 1 1 1 1 1 1 0 0 1 1 1 0 1 0
9.127000000000002 0 1 1 1 1 1 1 1 1 1 0 0 1 1 0 0 1 0
9.127000000000002 1 1 1 1 1 0 0 0 0 0 0 1 0 0 0 0 1 0
9.151000000000003 1 1 1 1 1 1 1 1 1 0 0 1 1 1 1 0 1 0
9.159 0 1 1 1 1 1 1 1 1 1 0 1 1 1 1 0 1 0
9.183999999999996 1 1 1 1 1 0 0 0 0 0 0 1 1 0 0 0 1 0
9.198 1 1 1 1 1 1 1 1 1 1 0 0 1 1 0 0 0 0
9.203000000000005 0 1 0 0 0 0 0 0 0 0 0 1 1 1 1 1 1 1
9.241999999999996 1 1 1 0 0 0 0 0 0 0 0 0 0 0 0 0 1 1
9.28 1 1 1 1 1 1 1 0 0 0 0 1 1 1 1 1 1 1
9.337000000000003 1 0 0 0 0 0 0 0 0 0 0 1 1 1 1 1 1 1
9.345999999999997 1 1 1 1 0 0 0 0 0 0 0 1 1 1 0 0 1 0
9.368000000000002 0 1 1 1 1 1 1 1 1 1 0 1 1 1 1 0 1 0
9.378999999999998 0 1 1 1 1 1 1 1 1 1 0 1 1 1 1 1 1 0
9.381 0 1 1 1 1 1 1 1 1 1 0 1 1 1 1 0 1 0
9.395000000000003 0 1 1 1 1 1 1 1 1 1 0 0 1 1 1 1 1 1
9.403 0 1 1 1 0 0 0 0 0 0 0 0 1 1 1 1 1 1
9.411 0 1 1 1 1 1 1 1 1 1 0 0 1 1 1 0 1 0
9.420000000000002 1 1 1 1 0 0 0 0 0 0 0 0 1 1 1 1 0 1
9.444000000000004 1 1 0 0 0 0 0 0 0 0 0 0 1 1 1 1 1 1
9.454999999999998 0 1 1 1 1 1 1 1 1 1 0 1 1 1 1 1 1 0
9.454999999999998 1 1 1 1 1 0 0 0 0 0 0 1 1 1 1 1 0 0
9.476999999999997 1 1 1 1 1 1 1 1 1 0 0 1 1 1 1 0 1 0
9.488 0 1 1 1 1 1 1 1 1 1 0 0 1 1 1 1 1 0
9.493000000000002 1 1 0 0 0 0 0 0 0 0 0 1 1 1 1 1 1 1
9.496000000000002 1 1 1 1 1 1 0 0 0 0 0 1 1 1 1 1 1 0
9.503999999999998 1 1 1 1 1 0 0 0 0 0 0 1 1 1 1 1 1 1
9.521 0 1 1 1 1 1 1 1 1 1 0 0 1 1 1 1 1 0
9.531999999999996 1 1 1 1 1 1 1 1 1 0 0 1 1 1 1 1 1 1
9.534999999999997 0 1 1 1 1 1 0 0 0 0 0 1 0 0 0 0 1 1
9.561999999999998 0 1 1 1 1 1 1 1 1 1 0 0 1 1 0 0 1 0
9.573 1 1 1 1 1 1 1 1 0 0 0 0 1 1 1 1 0 1
9.576 1 1 1 1 1 0 0 0 0 0 0 1 1 1 1 1 1 1
9.576 1 1 1 1 1 1 1 1 1 0 0 1 1 1 1 1 1 1
9.581000000000005 1 1 1 0 0 0 0 0 0 0 0 0 1 1 1 1 1 0
9.595 1 1 1 1 0 0 0 0 0 0 0 1 1 1 1 0 1 0
9.616999999999996 1 1 1 1 1 1 1 1 1 1 0 0 1 1 1 1 1 0
9.636000000000005 1 1 0 0 0 0 0 0 0 0 0 0 1 1 1 0 1 1
9.639000000000005 0 1 1 1 1 1 1 1 1 1 0 0 1 1 1 1 1 1
9.658 0 1 1 1 1 1 1 1 1 1 0 0 1 1 1 1 1 0
9.662999999999997 1 1 1 1 0 0 0 0 0 0 0 0 0 0 0 0 1 0
9.701999999999998 0 1 1 1 1 1 1 1 1 1 0 1 0 0 0 0 1 0
9.715000000000003 1 1 1 1 1 0 0 0 0 0 0 1 1 1 1 1 1 0
9.750999999999998 1 1 1 1 1 0 0 0 0 0 0 1 1 1 1 1 0 1
9.778 1 1 1 1 1 1 1 1 1 0 0 1 0 0 0 0 1 0
9.786 0 1 1 1 1 1 0 0 0 0 0 0 1 1 1 1 0 0
9.789 1 1 1 0 0 0 0 0 0 0 0 1 1 1 1 1 1 0
9.795000000000002 1 1 1 1 0 0 0 0 0 0 0 0 1 1 1 1 0 0
9.811 1 1 0 0 0 0 0 0 0 0 0 1 1 1 0 0 1 0
9.814 1 1 1 1 1 1 0 0 0 0 0 0 0 0 0 0 0 0
9.829999999999998 0 1 1 1 1 1 1 1 1 0 0 0 1 1 0 0 1 0
9.877000000000002 1 1 1 0 0 0 0 0 0 0 0 1 1 1 0 0 0 1
9.880000000000004 1 1 1 1 1 1 1 1 1 0 0 1 0 0 0 0 1 0
9.956000000000005 0 1 1 1 1 1 1 1 0 0 0 1 1 1 1 1 1 0
9.956000000000005 1 1 1 1 1 1 0 0 0 0 0 0 1 1 1 0 0 0
10.03 0 1 1 1 1 1 1 1 1 1 0 0 1 1 1 0 1 0
10.067999999999998 1 1 1 1 1 1 1 1 1 0 0 1 1 1 1 1 1 0
10.073999999999998 0 1 1 1 1 1 0 0 0 0 0 1 1 1 1 1 1 1
10.079 0 1 1 1 1 1 1 1 1 1 0 1 1 1 1 1 0 0
10.11 1 1 1 1 1 1 1 1 1 0 0 0 1 1 0 0 1 0
10.118000000000002 1 1 1 1 0 0 0 0 0 0 0 1 1 1 1 0 1 0
10.180999999999996 0 1 0 0 0 0 0 0 0 0 0 0 1 1 1 1 0 1
10.259999999999998 0 1 1 1 1 1 1 1 1 1 0 1 1 1 1 1 1 0
10.301000000000002 0 1 1 1 1 1 1 1 0 0 0 1 1 1 0 0 0 0
10.314999999999998 1 1 1 1 1 1 1 1 1 0 0 1 1 1 1 1 1 1
10.317999999999998 1 1 1 0 0 0 0 0 0 0 0 1 1 1 1 1 0 1
10.323 0 1 1 1 1 1 1 1 1 1 0 1 1 0 0 0 1 0
10.35 0 1 1 0 0 0 0 0 0 0 0 1 1 1 1 1 1 0
10.356000000000002 1 1 1 1 1 1 0 0 0 0 0 0 1 0 0 0 1 0
10.369999999999996 0 1 1 1 1 1 1 1 1 1 0 0 1 1 1 1 1 1
10.375 1 1 1 0 0 0 0 0 0 0 0 0 1 1 1 1 0 1
10.381 1 1 1 1 0 0 0 0 0 0 0 0 1 1 1 1 1 1
10.418999999999995 0 1 1 1 1 1 1 1 1 1 0 1 1 1 1 1 1 1
10.418999999999995 1 1 1 1 1 1 1 1 0 0 0 0 1 1 1 1 0 0
10.427 1 1 1 1 1 1 1 1 1 1 0 0 1 1 1 1 1 0
10.441000000000004 1 1 1 1 1 1 1 1 1 0 0 0 1 1 1 1 1 1
10.465000000000003 1 1 1 1 1 1 1 1 1 1 0 0 1 1 1 1 1 1
10.479 1 1 0 0 0 0 0 0 0 0 0 0 1 1 1 1 1 0
10.487000000000002 1 1 1 1 1 1 1 1 0 0 0 1 1 1 1 1 0 1
10.520000000000003 1 1 1 1 1 1 0 0 0 0 0 0 1 0 0 0 1 0
10.542000000000002 1 1 0 0 0 0 0 0 0 0 0 0 1 1 1 1 0 0
10.548000000000002 1 1 0 0 0 0 0 0 0 0 0 0 1 1 1 1 1 1
10.555999999999996 1 0 0 0 0 0 0 0 0 0 0 0 1 1 1 1 1 0
10.558999999999996 0 1 1 1 1 1 1 0 0 0 0 0 0 0 0 0 1 0
10.561 0 1 1 1 1 1 1 1 0 0 0 1 1 1 1 1 1 1
10.594 0 1 1 1 1 1 1 1 1 0 0 1 1 1 1 1 1 0
10.6 1 1 1 1 0 0 0 0 0 0 0 1 1 1 1 1 1 1
10.613 0 1 1 1 1 1 1 1 1 1 0 0 1 1 1 1 1 1
10.630000000000004 1 1 0 0 0 0 0 0 0 0 0 1 1 1 1 1 0 0
10.676000000000002 0 1 1 1 1 1 1 1 1 0 0 0 0 0 0 0 1 1
10.676000000000002 1 1 0 0 0 0 0 0 0 0 0 1 1 1 1 0 1 1
10.679000000000002 1 1 1 0 0 0 0 0 0 0 0 1 1 1 1 1 1 1
10.695 0 1 1 1 1 0 0 0 0 0 0 0 1 1 1 0 1 0
10.709000000000003 1 0 0 0 0 0 0 0 0 0 0 0 1 1 1 1 1 1
10.738999999999995 1 1 0 0 0 0 0 0 0 0 0 0 1 1 1 1 0 1
10.75 0 1 1 1 1 1 1 1 0 0 0 0 1 1 0 0 0 0
10.764000000000005 1 1 1 1 1 1 1 0 0 0 0 0 1 1 1 0 0 0
10.771999999999998 1 1 1 1 0 0 0 0 0 0 0 0 1 0 0 0 0 1
10.786 1 1 0 0 0 0 0 0 0 0 0 1 1 1 1 1 0 1
10.789 1 1 1 1 1 0 0 0 0 0 0 1 1 1 1 1 1 1
10.799 1 1 1 1 1 1 1 1 1 0 0 0 1 1 1 0 1 0
10.810000000000002 0 1 1 0 0 0 0 0 0 0 0 0 1 1 1 1 1 0
10.816000000000004 0 1 1 1 1 1 0 0 0 0 0 0 0 0 0 0 1 0
10.826999999999998 1 1 1 1 1 1 1 0 0 0 0 0 1 1 1 0 1 0
10.838 1 1 1 1 1 1 1 1 0 0 0 0 1 1 1 1 0 1
10.901000000000003 1 0 0 0 0 0 0 0 0 0 0 0 1 1 1 1 1 1
10.903 1 1 1 1 0 0 0 0 0 0 0 1 1 1 0 0 1 1
10.906 0 1 1 1 0 0 0 0 0 0 0 1 1 1 1 1 0 1
10.920000000000002 1 1 1 1 1 1 1 0 0 0 0 0 1 1 1 1 1 1
10.942 0 1 1 1 1 1 1 1 1 1 0 0 1 1 1 1 1 1
10.975 1 1 1 0 0 0 0 0 0 0 0 0 1 1 1 1 1 1
10.985999999999995 0 1 1 1 1 1 1 1 1 1 0 1 1 1 1 1 0 1
10.994 1 1 1 1 1 1 1 1 0 0 0 1 1 1 1 1 1 1
10.997 0 1 1 1 1 1 1 1 1 0 0 0 1 1 1 0 1 0
11.015999999999998 0 1 1 1 1 1 1 1 1 1 0 0 1 1 1 0 1 0
11.015999999999998 1 0 0 0 0 0 0 0 0 0 0 1 1 1 1 1 1 1
11.018 0 1 1 0 0 0 0 0 0 0 0 0 1 1 1 1 0 1
11.018 1 1 1 0 0 0 0 0 0 0 0 1 1 1 1 1 1 0
11.103000000000002 0 1 1 1 1 1 1 1 1 0 0 1 1 1 1 1 1 0
11.128 0 1 1 1 1 1 1 1 1 0 0 1 1 1 1 0 1 0
11.143999999999998 1 1 1 1 1 1 0 0 0 0 0 1 1 0 0 0 1 1
11.153 1 1 1 1 1 0 0 0 0 0 0 0 1 1 0 0 1 0
11.177 0 1 1 1 1 1 0 0 0 0 0 0 1 1 1 1 1 1
11.201999999999998 0 1 1 1 1 1 1 1 0 0 0 0 1 1 1 1 1 0
11.218000000000004 0 1 1 1 1 1 1 1 1 0 0 0 1 1 1 1 1 1
11.235 1 1 1 1 1 0 0 0 0 0 0 1 1 0 0 0 1 0
11.279000000000003 1 1 1 1 0 0 0 0 0 0 0 0 1 0 0 0 1 0
11.322000000000005 1 0 0 0 0 0 0 0 0 0 0 0 1 1 1 1 1 1
11.336 1 1 0 0 0 0 0 0 0 0 0 0 1 1 1 1 1 1
11.339 0 1 1 1 1 1 1 1 1 0 0 0 1 1 1 1 1 1
11.347 1 1 1 1 0 0 0 0 0 0 0 0 0 0 0 0 0 0
11.372 1 0 0 0 0 0 0 0 0 0 0 0 1 1 1 1 1 0
11.372 1 0 0 0 0 0 0 0 0 0 0 0 1 1 1 1 1 1
11.374000000000002 0 1 1 1 1 1 1 1 0 0 0 0 1 1 1 0 1 0
11.374000000000002 1 1 1 1 1 1 1 1 0 0 0 0 1 1 1 0 1 0
11.383000000000004 0 1 1 1 1 1 1 0 0 0 0 0 1 1 1 1 1 0
11.418 1 1 0 0 0 0 0 0 0 0 0 0 1 1 1 1 1 0
11.421 1 1 1 1 0 0 0 0 0 0 0 0 1 0 0 0 1 0
11.459000000000003 1 1 0 0 0 0 0 0 0 0 0 1 1 1 1 1 1 0
11.53 0 1 1 1 1 1 1 1 1 0 0 0 1 1 1 1 1 1
11.533 1 1 1 1 1 1 1 0 0 0 0 0 1 1 1 1 1 1
11.540999999999997 0 1 1 1 1 1 1 0 0 0 0 1 1 1 1 0 1 0
11.540999999999997 1 1 1 1 1 0 0 0 0 0 0 0 1 1 1 1 1 0
11.566000000000004 0 1 1 1 1 0 0 0 0 0 0 0 1 1 1 1 1 1
11.573999999999998 0 1 1 1 1 1 1 1 1 0 0 0 1 1 1 1 1 0
11.607 1 1 0 0 0 0 0 0 0 0 0 0 1 1 1 1 0 1
11.613 0 1 1 1 1 1 1 1 1 0 0 0 1 1 0 0 1 0
11.621000000000002 0 1 1 1 1 1 1 1 1 0 0 1 1 1 0 0 1 1
11.631999999999998 0 1 1 1 0 0 0 0 0 0 0 0 1 1 1 0 1 1
11.631999999999998 1 1 1 1 1 1 1 0 0 0 0 1 1 1 1 1 1 0
11.645000000000003 1 0 0 0 0 0 0 0 0 0 0 1 1 1 1 1 1 0
11.659 1 1 1 1 1 0 0 0 0 0 0 0 1 0 0 0 0 0
11.670000000000002 1 1 1 1 1 0 0 0 0 0 0 1 0 0 0 0 1 0
11.673000000000002 1 1 1 0 0 0 0 0 0 0 0 0 1 1 1 1 0 1
11.686999999999998 0 1 1 1 1 1 1 1 1 0 0 1 1 1 1 1 1 1
11.697000000000005 1 1 1 1 1 1 1 1 0 0 0 0 1 1 1 0 1 0
11.700000000000005 1 1 1 1 1 1 1 1 1 0 0 1 1 1 1 0 1 0
11.749000000000002 1 1 1 1 1 1 1 1 1 0 0 0 0 0 0 0 1 0
11.771 1 1 1 0 0 0 0 0 0 0 0 0 0 0 0 0 1 0
11.774 0 1 1 1 1 1 1 1 0 0 0 0 1 1 1 1 1 1
11.799 1 1 1 1 1 1 1 1 1 0 0 0 1 1 1 0 1 0
11.807000000000002 1 1 1 1 1 0 0 0 0 0 0 1 1 0 0 0 1 0
11.820999999999998 0 1 1 1 1 1 1 1 1 0 0 0 1 1 1 1 0 1
11.832 0 1 1 1 1 1 1 1 1 0 0 1 1 1 1 1 1 0
11.869999999999996 1 1 1 1 1 1 1 0 0 0 0 1 1 1 1 0 1 0
11.896999999999998 1 1 1 1 1 1 1 1 1 0 0 0 1 0 0 0 1 0
11.906 1 1 1 1 1 0 0 0 0 0 0 0 1 1 1 1 1 1
11.915999999999997 1 1 1 0 0 0 0 0 0 0 0 0 1 1 1 1 1 0
11.927 1 1 1 0 0 0 0 0 0 0 0 0 1 1 1 1 0 0
11.933 1 1 1 1 1 1 1 1 1 0 0 1 1 1 1 0 1 1
11.938000000000002 1 1 1 1 0 0 0 0 0 0 0 1 1 0 0 0 1 0
11.970999999999997 1 1 1 0 0 0 0 0 0 0 0 0 0 0 0 0 1 1
11.976999999999997 1 1 1 1 1 1 1 1 0 0 0 1 1 0 0 0 1 0
11.993000000000002 0 1 1 1 1 1 1 1 1 0 0 0 1 1 1 1 0 1
11.999000000000002 0 1 1 1 1 0 0 0 0 0 0 1 1 1 1 1 1 0
12.000999999999998 1 1 1 1 1 0 0 0 0 0 0 1 1 1 1 1 1 1
12.009999999999998 1 1 0 0 0 0 0 0 0 0 0 0 1 1 1 1 1 0
12.018 1 1 1 1 1 0 0 0 0 0 0 1 1 1 1 0 1 0
12.055999999999996 1 1 1 0 0 0 0 0 0 0 0 0 1 1 1 0 1 1
12.055999999999996 1 1 1 1 0 0 0 0 0 0 0 1 1 1 1 1 1 1
12.061999999999998 1 1 1 1 1 1 1 1 1 0 0 1 1 1 1 0 1 0
12.07 0 1 1 1 1 1 1 1 1 0 0 0 1 1 1 1 0 1
12.1 0 1 1 1 1 1 1 1 0 0 0 1 1 1 1 1 1 1
12.125 1 1 1 1 0 0 0 0 0 0 0 0 1 0 0 0 1 1
12.133000000000004 1 1 1 0 0 0 0 0 0 0 0 0 1 1 1 1 0 1
12.155 1 1 1 1 0 0 0 0 0 0 0 0 0 0 0 0 1 0
12.159999999999997 1 1 0 0 0 0 0 0 0 0 0 1 1 1 1 0 0 1
12.212000000000003 1 1 0 0 0 0 0 0 0 0 0 1 1 1 1 1 1 1
12.223 0 1 1 1 1 1 1 1 0 0 0 1 1 1 1 1 1 1
12.256 0 1 1 1 1 1 1 1 0 0 0 1 0 0 0 0 1 0
12.281 1 1 0 0 0 0 0 0 0 0 0 0 1 1 0 0 0 1
12.299999999999995 1 1 1 1 1 1 0 0 0 0 0 1 1 1 1 1 1 0
12.323999999999998 1 1 1 1 1 0 0 0 0 0 0 0 1 1 1 0 0 1
12.335 1 1 1 1 1 1 1 0 0 0 0 0 1 1 1 1 1 0
12.335 1 1 1 1 1 1 1 1 0 0 0 1 1 1 1 1 1 1
12.344 1 1 1 1 1 0 0 0 0 0 0 0 1 1 1 1 1 1
12.366 1 1 1 1 1 1 1 1 0 0 0 0 1 1 1 1 1 1
12.378999999999998 1 1 0 0 0 0 0 0 0 0 0 1 1 1 0 0 0 0
12.393 1 1 1 1 0 0 0 0 0 0 0 0 1 0 0 0 1 1
12.415 1 1 1 1 0 0 0 0 0 0 0 0 1 0 0 0 1 0
12.415 1 1 1 1 1 1 1 0 0 0 0 1 0 0 0 0 1 1
12.423000000000002 1 0 0 0 0 0 0 0 0 0 0 1 1 1 1 1 1 0
12.423000000000002 1 1 0 0 0 0 0 0 0 0 0 0 1 1 1 1 1 1
12.436999999999998 1 1 1 1 1 1 0 0 0 0 0 0 1 1 0 0 1 0
12.456000000000005 0 1 1 1 1 1 1 1 1 0 0 1 1 1 1 1 1 1
12.461 1 1 1 1 1 0 0 0 0 0 0 0 1 1 1 1 1 1
12.475 1 1 1 1 0 0 0 0 0 0 0 1 1 1 1 1 1 1
12.485999999999995 1 1 1 0 0 0 0 0 0 0 0 0 1 0 0 0 1 0
12.53 1 1 1 1 1 1 1 1 0 0 0 1 1 1 1 1 1 0
12.563000000000002 1 1 1 1 1 0 0 0 0 0 0 0 1 1 0 0 1 0
12.582 1 1 1 0 0 0 0 0 0 0 0 0 1 1 1 1 0 0
12.601 1 1 1 1 1 1 1 1 1 0 0 0 1 1 1 1 1 0
12.606000000000002 1 1 1 1 1 1 1 1 1 0 0 1 1 1 1 0 1 0
12.631 1 1 1 1 1 0 0 0 0 0 0 1 1 0 0 0 1 0
12.642000000000005 0 1 1 1 1 1 1 1 1 0 0 0 1 1 1 0 1 0
12.653 1 1 1 0 0 0 0 0 0 0 0 0 1 1 1 1 0 0
12.667000000000002 0 1 1 1 1 1 1 1 1 0 0 0 1 1 1 1 0 1
12.671999999999995 1 1 0 0 0 0 0 0 0 0 0 1 1 1 1 1 0 0
12.701999999999998 0 1 1 1 1 1 1 1 1 0 0 1 1 1 1 1 1 0
12.71 1 1 1 1 1 1 1 1 0 0 0 1 1 0 0 0 1 0
12.753999999999998 0 1 1 1 1 1 1 1 1 0 0 0 1 1 1 1 1 0
12.771 1 1 1 1 1 1 1 1 0 0 0 1 1 1 1 1 0 1
12.779000000000003 1 1 0 0 0 0 0 0 0 0 0 1 1 1 1 1 0 1
12.805999999999996 1 1 1 1 1 0 0 0 0 0 0 0 1 1 1 1 1 1
12.811999999999998 0 1 1 1 1 1 1 1 1 0 0 1 1 1 1 1 1 0
12.834000000000003 0 1 1 1 1 1 1 1 1 0 0 1 1 1 1 1 0 1
12.857999999999995 0 1 1 1 1 1 1 1 1 0 0 1 1 1 1 0 1 0
12.890999999999998 1 1 1 1 1 1 1 0 0 0 0 0 1 1 1 1 1 0
12.902 1 1 1 1 0 0 0 0 0 0 0 0 1 1 1 1 1 1
12.987000000000002 1 1 1 1 1 0 0 0 0 0 0 1 0 0 0 0 1 1
13.000999999999998 0 1 1 1 1 1 1 1 1 0 0 0 1 1 1 1 1 0
13.003 1 1 1 1 0 0 0 0 0 0 0 1 1 1 1 1 1 1
13.066000000000004 1 1 1 1 1 0 0 0 0 0 0 1 1 1 0 0 1 0
13.069000000000004 1 0 0 0 0 0 0 0 0 0 0 1 1 1 1 1 0 1
13.086 0 1 1 1 1 1 1 1 1 0 0 1 1 1 1 0 1 0
13.116 1 1 1 0 0 0 0 0 0 0 0 1 1 1 1 1 1 0
13.173000000000002 1 1 0 0 0 0 0 0 0 0 0 0 1 1 1 1 1 0
13.179000000000002 1 1 1 1 1 1 1 0 0 0 0 1 1 1 1 1 1 1
13.222 1 1 1 1 1 1 1 0 0 0 0 1 1 1 1 0 1 0
13.290999999999997 0 1 1 1 1 1 1 1 1 0 0 0 1 1 1 1 1 0
13.290999999999997 1 1 1 0 0 0 0 0 0 0 0 0 1 1 1 1 1 0
13.313000000000002 0 1 1 1 1 1 0 0 0 0 0 0 1 1 1 1 1 0
13.320999999999998 0 1 1 1 1 1 1 1 1 0 0 1 1 1 0 0 1 0
13.368000000000002 1 1 1 1 0 0 0 0 0 0 0 1 1 1 1 0 1 1
13.450000000000005 1 1 1 1 0 0 0 0 0 0 0 0 0 0 0 0 1 0
13.451999999999998 1 1 1 0 0 0 0 0 0 0 0 1 1 1 1 1 0 1
13.479999999999997 1 1 0 0 0 0 0 0 0 0 0 1 1 1 1 1 1 1
13.526000000000003 0 1 1 1 1 1 1 1 1 0 0 1 1 1 1 1 1 0
13.531999999999996 1 1 1 1 1 1 1 1 0 0 0 1 0 0 0 0 1 0
13.54 1 1 1 1 1 1 0 0 0 0 0 0 1 1 1 1 1 0
13.567 1 1 1 1 1 1 1 1 1 0 0 0 0 0 0 0 1 0
13.584000000000003 1 1 1 1 0 0 0 0 0 0 0 1 1 0 0 0 0 0
13.6 1 1 1 1 1 1 1 0 0 0 0 1 1 1 1 1 1 1
13.628 1 1 1 0 0 0 0 0 0 0 0 1 1 0 0 0 1 1
13.636000000000005 1 1 1 1 0 0 0 0 0 0 0 1 1 1 1 1 0 1
13.661 1 1 1 1 0 0 0 0 0 0 0 1 1 1 1 1 1 0
13.688000000000002 0 1 1 1 1 1 0 0 0 0 0 0 0 0 0 0 1 0
13.688000000000002 0 1 1 1 1 1 1 1 1 0 0 0 1 1 1 1 0 1
13.726 1 0 0 0 0 0 0 0 0 0 0 0 1 1 1 1 0 1
13.753999999999998 0 1 1 1 1 1 1 1 1 0 0 1 1 1 1 0 0 0
13.753999999999998 1 1 1 1 1 0 0 0 0 0 0 1 1 1 1 1 1 0
13.775 1 1 1 1 1 1 1 1 1 0 0 0 1 1 1 0 1 0
13.781 1 1 0 0 0 0 0 0 0 0 0 1 1 1 1 1 0 0
13.789 1 1 0 0 0 0 0 0 0 0 0 1 1 1 1 1 1 0
13.792000000000002 0 1 1 1 1 1 1 1 1 0 0 1 1 1 1 1 1 0
13.817 0 1 1 1 1 1 1 1 1 0 0 0 1 1 1 1 1 0
13.893 0 1 1 1 1 1 0 0 0 0 0 1 1 1 1 0 0 1
13.909999999999997 0 1 1 1 1 1 1 1 1 0 0 0 1 1 0 0 0 0
13.939999999999998 0 1 1 1 1 1 0 0 0 0 0 0 0 0 0 0 0 0
13.97 1 0 0 0 0 0 0 0 0 0 0 0 1 1 1 1 0 1
13.997 1 1 0 0 0 0 0 0 0 0 0 1 1 1 1 1 1 0
14.010999999999996 1 1 1 1 1 1 1 0 0 0 0 0 1 1 1 1 1 0
14.013999999999996 1 1 1 1 1 0 0 0 0 0 0 1 1 1 1 1 1 0
14.022000000000006 0 1 1 1 1 1 1 1 1 0 0 0 1 1 1 1 1 1
14.046999999999995 0 1 1 1 1 1 1 1 1 0 0 0 1 1 1 1 1 1
14.046999999999995 1 1 1 0 0 0 0 0 0 0 0 1 1 1 0 0 1 0
14.049000000000008 1 1 1 1 1 1 1 0 0 0 0 0 1 1 1 1 1 1
14.060000000000002 1 1 1 1 0 0 0 0 0 0 0 1 1 1 1 1 0 0
14.096000000000004 0 1 0 0 0 0 0 0 0 0 0 1 1 1 1 1 1 0
14.099000000000004 1 1 1 1 1 1 1 1 1 0 0 1 1 1 0 0 1 0
14.107 1 1 1 1 0 0 0 0 0 0 0 1 1 1 1 1 1 1
14.114999999999997 1 1 1 1 1 1 1 0 0 0 0 0 1 0 0 0 0 0
14.137 0 1 1 1 1 1 1 1 1 0 0 1 1 1 1 1 1 1
14.183000000000009 1 1 1 0 0 0 0 0 0 0 0 0 1 1 1 0 1 1
14.204999999999998 0 1 1 1 1 1 1 1 1 0 0 0 1 1 1 1 1 1
14.211 1 1 0 0 0 0 0 0 0 0 0 0 1 1 1 1 1 0
14.211 1 1 1 1 1 1 0 0 0 0 0 0 1 1 1 1 1 1
14.218999999999994 1 1 0 0 0 0 0 0 0 0 0 0 1 1 1 1 0 0
14.221999999999994 0 1 1 1 1 1 1 1 1 0 0 1 1 0 0 0 1 0
14.266000000000004 1 1 1 1 1 1 0 0 0 0 0 0 0 0 0 0 0 0
14.281999999999996 0 1 1 1 1 1 1 1 1 0 0 1 1 1 0 0 0 0
14.281999999999996 1 1 1 1 0 0 0 0 0 0 0 0 1 1 1 0 1 0
14.308999999999996 0 1 1 1 1 1 1 1 1 0 0 0 1 0 0 0 1 0
14.345 1 1 1 0 0 0 0 0 0 0 0 0 1 1 1 1 1 1
14.372 1 1 1 1 1 1 1 0 0 0 0 1 1 1 1 1 1 1
14.381 1 1 1 1 1 1 0 0 0 0 0 1 1 1 1 1 1 1
14.388999999999996 1 1 1 1 0 0 0 0 0 0 0 0 1 1 1 1 1 1
14.471000000000004 1 1 1 1 1 1 0 0 0 0 0 0 1 1 1 1 1 0
14.474000000000004 1 1 1 1 1 0 0 0 0 0 0 0 1 1 1 1 1 1
14.566999999999991 1 1 0 0 0 0 0 0 0 0 0 1 1 1 1 1 0 1
14.569000000000004 0 1 1 1 1 1 1 1 1 0 0 1 1 1 1 1 1 0
14.569000000000004 1 1 0 0 0 0 0 0 0 0 0 0 1 1 0 0 0 1
14.569000000000004 1 1 1 1 1 0 0 0 0 0 0 1 1 1 0 0 1 0
14.596999999999994 1 1 1 1 0 0 0 0 0 0 0 0 1 1 1 1 0 0
14.635000000000003 0 1 1 1 1 1 1 1 1 0 0 0 1 0 0 0 1 0
14.646 1 0 0 0 0 0 0 0 0 0 0 1 1 1 1 1 1 1
14.674000000000008 1 1 1 0 0 0 0 0 0 0 0 0 1 1 1 1 1 1
14.717 1 1 1 1 1 1 1 1 1 0 0 1 1 0 0 0 1 0
14.730999999999996 0 1 0 0 0 0 0 0 0 0 0 1 1 1 1 1 1 0
14.733999999999996 1 1 1 1 1 0 0 0 0 0 0 0 1 1 1 1 1 1
14.739000000000004 1 0 0 0 0 0 0 0 0 0 0 1 1 1 1 1 1 1
14.757999999999996 1 1 1 1 1 0 0 0 0 0 0 0 1 0 0 0 1 0
14.786 1 1 0 0 0 0 0 0 0 0 0 1 1 1 1 0 1 0
14.793999999999995 1 1 1 1 1 1 0 0 0 0 0 1 1 1 1 1 1 1
14.834999999999994 1 0 0 0 0 0 0 0 0 0 0 0 1 1 1 1 1 0
14.846000000000004 1 1 1 0 0 0 0 0 0 0 0 0 1 1 1 1 1 0
14.851 0 1 1 1 1 1 1 1 1 0 0 0 1 1 1 1 1 0
14.86 0 1 1 1 1 1 1 1 0 0 0 1 1 1 1 1 1 1
14.89 0 1 1 1 1 1 0 0 0 0 0 1 1 0 0 0 1 0
14.900999999999996 0 1 1 1 1 1 1 1 0 0 0 1 1 1 1 1 1 0
14.930999999999996 0 1 1 1 1 1 1 1 1 0 0 1 1 1 1 1 1 1
14.933999999999996 0 1 1 1 1 1 1 1 1 0 0 0 1 1 1 1 1 0
14.941999999999991 1 1 0 0 0 0 0 0 0 0 0 1 1 1 1 1 0 1
14.965999999999994 0 1 1 1 1 1 1 1 1 0 0 1 1 1 1 1 0 0
14.968999999999994 1 1 0 0 0 0 0 0 0 0 0 1 1 1 1 1 0 1
14.986000000000004 1 1 1 1 1 1 0 0 0 0 0 1 0 0 0 0 1 1
15.016000000000004 1 0 0 0 0 0 0 0 0 0 0 0 1 1 1 1 1 0
15.049000000000008 0 1 1 1 1 1 1 1 1 0 0 0 1 1 0 0 1 0
15.057000000000002 1 1 1 1 1 1 1 1 0 0 0 1 1 0 0 0 1 0
15.064999999999998 1 1 1 1 0 0 0 0 0 0 0 0 1 0 0 0 1 0
15.081000000000005 0 1 1 1 1 1 1 1 1 0 0 0 1 1 1 1 1 1
15.092 0 1 1 1 1 1 1 1 1 0 0 0 1 1 1 1 1 1
15.092 0 1 1 1 1 1 1 1 1 0 0 1 1 1 1 1 1 0
15.135999999999996 1 1 1 1 1 1 1 1 1 0 0 0 1 1 1 0 1 0
15.141999999999996 1 1 1 1 1 0 0 0 0 0 0 1 0 0 0 0 1 0
15.153000000000006 1 0 0 0 0 0 0 0 0 0 0 0 1 1 1 1 1 1
15.164 0 1 1 1 1 1 1 1 0 0 0 1 1 1 1 1 1 0
15.194000000000004 0 1 1 1 1 1 1 0 0 0 0 0 1 1 1 1 1 0
15.198999999999998 0 1 1 1 1 0 0 0 0 0 0 1 1 1 1 0 1 0
15.221000000000004 1 1 1 1 1 1 1 0 0 0 0 1 1 1 1 1 1 0
15.245999999999997 0 1 1 1 1 1 1 1 1 0 0 0 1 1 1 0 1 0
15.259 1 1 1 1 1 1 1 0 0 0 0 1 1 1 1 0 1 1
15.319999999999991 1 1 1 0 0 0 0 0 0 0 0 0 1 1 1 1 1 1
15.336 1 1 1 1 0 0 0 0 0 0 0 1 1 1 0 0 1 0
15.396 1 1 0 0 0 0 0 0 0 0 0 0 1 1 1 1 1 1
15.405 1 1 1 0 0 0 0 0 0 0 0 0 1 1 1 1 1 0
15.406999999999996 1 1 1 0 0 0 0 0 0 0 0 1 1 1 1 1 0 1
15.409999999999997 1 1 1 0 0 0 0 0 0 0 0 1 1 1 1 1 1 0
15.459000000000003 1 1 1 1 1 1 1 0 0 0 0 1 1 1 1 1 1 1
15.47 1 1 1 1 1 1 1 1 1 0 0 1 1 1 1 0 1 0
15.492000000000004 1 1 0 0 0 0 0 0 0 0 0 1 1 1 1 0 1 0
15.5 0 1 1 1 0 0 0 0 0 0 0 1 0 0 0 0 0 1
15.503 1 1 1 1 1 1 1 0 0 0 0 0 1 1 1 1 1 0
15.528000000000006 0 1 1 1 1 1 1 1 1 0 0 0 1 1 1 1 0 0
15.552000000000008 0 1 1 0 0 0 0 0 0 0 0 1 1 1 1 1 0 0
15.558000000000009 1 1 1 1 0 0 0 0 0 0 0 0 0 0 0 0 1 1
15.566000000000004 1 1 1 1 1 0 0 0 0 0 0 1 1 1 1 1 1 0
15.573999999999998 0 1 1 1 1 1 1 1 1 0 0 1 1 1 1 1 1 0
15.573999999999998 1 1 1 1 1 1 1 0 0 0 0 0 1 1 1 1 1 0
15.584999999999994 1 1 0 0 0 0 0 0 0 0 0 0 1 1 1 1 1 1
15.604 0 1 1 1 1 1 1 1 1 0 0 0 1 1 1 0 1 0
15.61 1 1 1 1 1 1 1 1 1 0 0 1 1 1 0 0 1 0
15.617999999999997 1 1 1 1 0 0 0 0 0 0 0 1 0 0 0 0 1 0
15.617999999999997 1 1 1 1 1 1 1 1 0 0 0 1 1 1 1 1 1 0
15.647999999999996 1 1 1 1 0 0 0 0 0 0 0 0 0 0 0 0 1 0
15.686999999999998 1 1 1 1 1 1 1 0 0 0 0 1 1 0 0 0 1 0
15.706000000000005 1 1 1 1 1 0 0 0 0 0 0 0 1 0 0 0 1 0
15.711 1 1 1 1 1 1 1 1 1 0 0 0 1 1 1 1 1 1
15.714 1 1 1 1 1 1 0 0 0 0 0 0 1 0 0 0 1 0
15.744 1 1 1 0 0 0 0 0 0 0 0 1 1 1 1 0 1 1
15.744 1 1 1 1 1 1 0 0 0 0 0 1 1 1 1 1 1 1
15.774 0 1 1 1 1 1 0 0 0 0 0 0 1 1 1 1 1 1
15.78 1 1 0 0 0 0 0 0 0 0 0 1 1 1 1 1 1 0
15.804000000000002 1 1 1 1 0 0 0 0 0 0 0 1 1 1 1 1 1 1
15.884 1 1 1 1 1 1 0 0 0 0 0 0 0 0 0 0 1 0
15.894999999999996 1 1 1 1 1 0 0 0 0 0 0 1 1 1 1 1 0 0
15.897000000000006 1 1 1 1 1 1 1 1 0 0 0 1 1 1 1 0 1 0
15.915999999999997 1 1 1 0 0 0 0 0 0 0 0 0 1 0 0 0 1 1
15.954999999999998 1 1 1 1 0 0 0 0 0 0 0 1 1 1 0 0 1 0
15.989999999999997 1 1 1 0 0 0 0 0 0 0 0 1 1 1 1 1 0 1
15.995999999999997 1 1 1 0 0 0 0 0 0 0 0 1 1 1 1 1 0 1
15.998999999999995 1 0 0 0 0 0 0 0 0 0 0 1 1 1 1 1 1 1
16.022999999999996 0 1 1 1 1 1 1 1 1 0 0 1 1 1 1 1 1 0
16.040000000000006 1 1 1 1 1 1 1 1 1 0 0 0 1 1 1 1 1 1
16.042 1 1 1 1 1 1 1 1 0 0 0 1 1 1 1 1 1 1
16.099999999999994 1 1 1 1 0 0 0 0 0 0 0 1 1 0 0 0 1 0
16.108000000000004 1 1 1 1 1 1 1 1 0 0 0 1 1 0 0 0 1 0
16.119 1 0 0 0 0 0 0 0 0 0 0 0 1 1 1 1 1 0
16.122 1 1 1 1 1 1 0 0 0 0 0 1 1 1 1 1 1 0
16.146 0 1 1 1 1 1 1 1 1 0 0 0 1 1 1 1 1 0
16.146 1 1 1 1 1 1 1 0 0 0 0 1 1 1 1 0 0 0
16.179000000000002 1 1 1 1 0 0 0 0 0 0 0 1 1 1 1 1 0 0
16.182000000000002 1 1 0 0 0 0 0 0 0 0 0 0 1 1 1 1 0 1
16.195999999999998 1 1 1 1 1 1 0 0 0 0 0 1 0 0 0 0 1 0
16.200999999999993 1 1 1 1 1 0 0 0 0 0 0 0 1 1 0 0 1 0
16.22 1 1 1 1 1 0 0 0 0 0 0 1 0 0 0 0 1 0
16.223 0 1 1 1 1 0 0 0 0 0 0 1 1 1 1 1 1 0
16.226 1 1 1 0 0 0 0 0 0 0 0 1 1 1 1 1 1 1
16.233999999999995 1 1 1 1 0 0 0 0 0 0 0 0 1 1 1 1 0 1
16.236999999999995 1 1 1 1 1 1 0 0 0 0 0 1 1 1 1 1 1 1
16.296999999999997 1 1 0 0 0 0 0 0 0 0 0 1 1 1 1 1 1 1
16.308000000000007 1 1 1 1 0 0 0 0 0 0 0 1 1 1 1 1 1 0
16.319000000000003 0 1 1 1 1 1 1 1 1 0 0 0 1 1 1 1 1 0
16.349000000000004 1 1 1 1 1 1 1 0 0 0 0 1 1 1 0 0 1 0
16.363 1 1 0 0 0 0 0 0 0 0 0 0 1 1 0 0 1 0
16.385000000000005 0 1 1 1 1 1 1 1 1 0 0 0 0 0 0 0 1 0
16.400999999999996 1 1 1 1 1 1 1 1 0 0 0 0 1 1 1 1 1 0
16.403999999999996 1 0 0 0 0 0 0 0 0 0 0 1 1 1 1 1 1 1
16.403999999999996 1 1 1 1 1 1 1 1 1 0 0 0 1 0 0 0 1 0
16.433999999999997 0 1 1 1 1 1 1 1 1 0 0 0 1 1 1 1 0 1
16.436999999999998 0 1 1 1 1 1 1 1 1 0 0 1 1 1 1 1 1 1
16.441999999999993 1 1 0 0 0 0 0 0 0 0 0 0 1 1 1 1 1 0
16.444999999999993 1 1 1 1 1 1 0 0 0 0 0 1 1 1 1 1 1 1
16.447999999999993 0 1 1 1 1 1 1 1 1 0 0 0 1 0 0 0 1 0
16.450000000000003 1 1 0 0 0 0 0 0 0 0 0 1 1 1 1 1 0 1
16.504999999999995 1 1 1 0 0 0 0 0 0 0 0 1 1 0 0 0 1 0
16.527 1 1 1 1 1 1 1 1 0 0 0 0 0 0 0 0 1 0
16.537999999999997 1 0 0 0 0 0 0 0 0 0 0 1 1 1 1 1 1 0
16.540999999999997 0 1 1 1 1 1 1 1 1 0 0 1 1 1 1 1 1 1
16.549000000000007 1 1 1 1 1 1 1 0 0 0 0 1 1 1 1 1 1 1
16.608999999999995 1 1 1 1 1 1 1 1 1 0 0 0 1 1 1 0 1 0
16.647999999999996 1 1 1 1 1 1 1 1 0 0 0 1 1 1 1 1 1 0
16.656000000000006 1 1 0 0 0 0 0 0 0 0 0 1 1 1 0 0 1 1
16.668999999999997 1 1 0 0 0 0 0 0 0 0 0 0 1 1 1 1 0 1
16.677999999999997 1 1 1 0 0 0 0 0 0 0 0 1 1 1 1 1 0 0
16.680000000000007 1 1 1 0 0 0 0 0 0 0 0 1 0 0 0 0 1 1
16.709999999999994 1 1 1 1 1 1 1 1 0 0 0 1 1 1 1 1 1 0
16.712999999999994 1 1 1 1 1 1 1 1 0 0 0 1 1 1 1 1 1 1
16.775999999999996 1 1 1 1 1 1 1 1 1 0 0 0 1 1 1 1 1 1
16.781999999999996 1 1 1 1 1 1 0 0 0 0 0 1 1 1 1 1 0 1
16.839 0 1 1 1 1 1 1 1 0 0 0 0 1 1 1 1 0 1
16.846999999999994 1 0 0 0 0 0 0 0 0 0 0 1 1 1 1 1 1 0
16.849999999999994 1 1 0 0 0 0 0 0 0 0 0 0 1 1 1 1 1 1
16.852999999999994 1 1 1 0 0 0 0 0 0 0 0 1 1 1 1 1 0 0
16.875 1 1 1 1 1 0 0 0 0 0 0 0 1 1 1 1 1 1
16.909999999999997 1 1 1 1 0 0 0 0 0 0 0 0 1 1 1 1 1 1
16.945999999999998 1 1 0 0 0 0 0 0 0 0 0 1 1 1 1 1 1 0
17.003 1 0 0 0 0 0 0 0 0 0 0 0 1 1 1 1 0 1
17.022999999999996 1 1 1 0 0 0 0 0 0 0 0 0 1 1 1 1 0 0
17.061000000000007 1 1 1 1 0 0 0 0 0 0 0 1 1 1 1 1 1 0
17.117999999999995 1 1 1 1 1 0 0 0 0 0 0 1 0 0 0 0 1 0
17.149 1 0 0 0 0 0 0 0 0 0 0 0 1 1 1 1 1 1
17.153999999999996 1 1 1 1 1 0 0 0 0 0 0 0 1 1 1 1 1 0
17.156999999999996 0 1 1 1 1 1 1 1 1 0 0 1 1 1 1 1 1 1
17.239000000000004 1 0 0 0 0 0 0 0 0 0 0 0 1 1 1 1 1 1
17.242000000000004 1 0 0 0 0 0 0 0 0 0 0 1 1 1 1 1 1 0
17.290999999999997 1 1 1 1 1 0 0 0 0 0 0 0 1 1 1 1 0 1
17.354 1 1 0 0 0 0 0 0 0 0 0 1 1 1 1 1 0 1
17.364999999999995 1 1 1 1 1 1 0 0 0 0 0 0 1 1 1 1 1 1
17.364999999999995 1 1 1 1 1 1 1 0 0 0 0 0 1 1 1 1 1 0
17.367999999999995 1 0 0 0 0 0 0 0 0 0 0 1 1 1 1 1 1 1
17.379000000000005 1 1 1 1 0 0 0 0 0 0 0 0 1 1 1 1 1 0
17.397999999999996 1 1 1 0 0 0 0 0 0 0 0 1 1 1 1 1 0 0
17.403000000000006 1 1 1 1 1 0 0 0 0 0 0 0 1 1 1 1 1 0
17.455 0 1 1 1 1 1 1 1 1 0 0 0 1 1 1 1 1 0
17.458 1 1 1 1 1 1 1 1 0 0 0 0 1 1 1 1 1 1
17.534999999999997 1 1 0 0 0 0 0 0 0 0 0 1 1 1 1 1 1 0
17.555999999999997 1 1 1 1 1 1 0 0 0 0 0 1 1 1 1 1 0 1
17.564999999999998 1 1 0 0 0 0 0 0 0 0 0 0 1 1 1 1 0 0
17.578000000000003 1 1 1 1 1 1 1 1 0 0 0 0 1 1 1 1 1 1
17.595 1 1 1 1 1 1 0 0 0 0 0 1 1 0 0 0 0 0
17.595 1 1 1 1 1 1 0 0 0 0 0 1 1 1 1 1 1 0
17.602999999999994 1 1 0 0 0 0 0 0 0 0 0 0 1 1 1 0 1 0
17.617000000000004 1 1 1 0 0 0 0 0 0 0 0 1 1 1 1 1 1 1
17.622 0 1 1 1 1 1 0 0 0 0 0 0 0 0 0 0 0 0
17.622 1 1 1 0 0 0 0 0 0 0 0 1 1 1 1 1 1 0
17.629999999999995 0 1 1 1 1 1 1 1 1 0 0 1 1 1 1 1 1 0
17.644000000000005 1 1 1 0 0 0 0 0 0 0 0 0 1 1 1 1 1 1
17.682000000000002 1 1 0 0 0 0 0 0 0 0 0 0 1 1 1 1 0 0
17.698999999999998 1 1 1 1 1 1 1 1 1 0 0 0 1 1 1 1 1 0
17.703999999999994 1 1 0 0 0 0 0 0 0 0 0 1 1 1 1 1 1 1
17.718000000000004 1 1 1 1 1 1 1 1 0 0 0 0 1 1 1 0 1 0
17.739999999999995 0 1 1 1 1 1 1 1 1 0 0 0 1 0 0 0 1 0
17.745000000000005 0 1 1 1 1 1 1 1 1 0 0 1 1 1 1 1 1 1
17.748000000000005 1 0 0 0 0 0 0 0 0 0 0 1 1 1 1 1 1 1
17.759 1 0 0 0 0 0 0 0 0 0 0 1 1 1 1 1 0 0
17.762 1 1 0 0 0 0 0 0 0 0 0 0 1 1 1 0 0 0
17.775000000000006 1 1 1 1 1 0 0 0 0 0 0 0 1 1 1 1 0 1
17.840999999999994 1 1 1 0 0 0 0 0 0 0 0 1 1 1 1 1 1 0
17.86 1 1 0 0 0 0 0 0 0 0 0 0 1 1 1 1 1 0
17.86 1 1 1 1 1 1 0 0 0 0 0 1 1 1 1 1 0 1
17.869 1 1 1 1 1 1 0 0 0 0 0 0 1 0 0 0 1 0
17.89 0 1 1 1 1 1 1 1 1 0 0 0 1 1 1 1 1 1
17.912000000000006 1 1 1 0 0 0 0 0 0 0 0 1 1 1 1 1 1 1
17.932000000000002 1 1 1 1 1 1 1 1 0 0 0 1 1 1 1 1 1 0
17.942999999999998 0 1 1 1 1 1 1 1 1 0 0 1 1 1 1 1 1 0
17.953000000000003 1 1 1 1 1 0 0 0 0 0 0 0 1 1 1 1 0 0
17.959000000000003 0 1 1 1 1 1 1 1 1 0 0 1 1 1 1 1 0 1
17.962000000000003 1 1 1 1 1 0 0 0 0 0 0 0 0 0 0 0 1 0
17.983999999999995 0 1 1 1 1 1 1 1 1 0 0 0 1 1 1 0 1 0
17.983999999999995 1 1 0 0 0 0 0 0 0 0 0 0 1 1 1 0 1 0
17.989000000000004 0 1 1 1 1 1 1 1 1 0 0 1 1 0 0 0 1 0
18.016000000000005 1 1 1 1 1 0 0 0 0 0 0 1 1 1 1 1 1 0
18.027 1 1 1 0 0 0 0 0 0 0 0 1 0 0 0 0 0 1
18.033 1 1 1 1 1 1 1 1 0 0 0 0 1 1 1 0 1 0
18.047 1 1 1 1 1 1 1 0 0 0 0 1 1 1 1 1 1 0
18.057 1 1 1 0 0 0 0 0 0 0 0 0 1 1 1 1 1 1
18.078999999999997 1 1 1 1 1 1 1 0 0 0 0 0 1 0 0 0 1 0
18.087999999999997 1 1 1 1 1 1 0 0 0 0 0 1 1 1 1 1 0 1
18.096000000000004 0 1 1 1 1 0 0 0 0 0 0 0 1 0 0 0 1 0
18.11 1 1 1 1 0 0 0 0 0 0 0 1 1 1 1 1 1 1
18.126000000000005 1 1 1 1 1 1 1 1 0 0 0 0 1 1 1 1 1 0
18.15300000000001 1 1 1 1 0 0 0 0 0 0 0 1 1 1 1 1 1 1
18.15600000000001 1 1 1 1 1 0 0 0 0 0 0 1 0 0 0 0 1 0
18.15900000000001 1 1 0 0 0 0 0 0 0 0 0 0 1 1 1 1 0 1
18.194000000000003 1 1 1 1 0 0 0 0 0 0 0 1 1 1 1 1 0 1
18.215999999999998 1 1 1 1 1 1 0 0 0 0 0 0 1 0 0 0 1 0
18.251999999999995 1 1 1 1 1 1 0 0 0 0 0 1 1 1 1 1 1 0
18.290000000000006 0 1 1 1 1 0 0 0 0 0 0 0 1 1 1 1 1 1
18.296000000000006 1 1 0 0 0 0 0 0 0 0 0 0 1 1 1 0 1 0
18.304 1 1 1 1 1 0 0 0 0 0 0 0 1 1 1 0 1 1
18.349999999999994 1 1 1 1 0 0 0 0 0 0 0 0 0 0 0 0 1 0
18.370000000000005 1 1 1 1 1 1 1 1 0 0 0 1 1 1 0 0 1 1
18.433000000000007 1 1 1 1 1 1 1 0 0 0 0 1 1 1 1 1 1 1
18.465000000000003 1 1 1 1 1 1 1 0 0 0 0 1 0 0 0 0 1 0
18.489999999999995 0 1 1 1 1 1 1 1 1 0 0 0 1 1 1 1 1 1
18.566999999999997 0 1 1 1 1 0 0 0 0 0 0 1 1 1 1 1 1 1
18.569000000000003 1 1 0 0 0 0 0 0 0 0 0 1 1 1 1 1 1 1
18.613 1 1 1 1 1 1 0 0 0 0 0 1 1 1 1 1 1 1
18.616 0 1 1 1 1 1 1 1 1 0 0 1 0 0 0 0 1 1
18.635000000000005 0 1 1 1 1 1 1 1 1 0 0 0 1 1 1 1 1 0
18.693 1 1 1 1 1 1 0 0 0 0 0 1 1 0 0 0 1 0
18.697999999999997 1 1 1 1 1 1 1 0 0 0 0 0 1 0 0 0 1 0
18.703999999999997 0 1 1 1 1 1 1 1 1 0 0 1 1 0 0 0 1 1
18.72 1 1 1 1 0 0 0 0 0 0 0 1 1 1 1 1 0 0
18.739000000000004 1 0 0 0 0 0 0 0 0 0 0 1 1 1 1 1 0 1
18.753 0 1 1 1 1 1 1 1 1 0 0 0 1 1 1 1 1 1
18.764 1 1 1 1 0 0 0 0 0 0 0 0 1 1 1 1 1 0
18.794 1 1 1 1 1 1 1 1 0 0 0 1 1 1 1 0 1 0
18.843000000000004 1 1 1 1 1 1 1 1 0 0 0 0 1 1 1 1 1 0
18.854 1 1 1 1 1 0 0 0 0 0 0 0 1 1 1 1 0 0
18.861999999999995 1 1 0 0 0 0 0 0 0 0 0 1 1 1 1 0 1 0
18.867999999999995 1 1 1 1 0 0 0 0 0 0 0 1 1 1 1 1 0 1
18.898 1 1 1 1 1 1 1 1 0 0 0 0 0 0 0 0 1 0
18.90600000000001 0 1 1 1 1 1 1 1 1 0 0 0 1 1 1 1 1 0
18.928 1 1 1 0 0 0 0 0 0 0 0 1 1 0 0 0 1 1
18.931 1 1 1 0 0 0 0 0 0 0 0 0 1 1 0 0 1 1
18.934 1 1 1 1 1 0 0 0 0 0 0 0 1 1 1 1 1 0
18.965999999999998 0 1 1 1 1 1 1 1 0 0 0 1 1 1 1 1 1 1
18.977000000000004 0 1 1 1 1 1 1 1 1 0 0 1 1 1 1 1 1 0
19.010000000000005 1 1 1 1 1 1 1 1 0 0 0 1 1 0 0 0 0 0
19.040000000000006 0 1 1 1 1 1 1 1 1 0 0 0 1 1 1 1 1 0
19.108999999999995 1 1 1 1 1 1 0 0 0 0 0 0 1 0 0 0 0 1
19.117000000000004 0 1 1 1 1 1 1 1 1 0 0 1 1 1 1 1 0 0
19.117000000000004 1 1 1 1 1 1 0 0 0 0 0 0 1 1 1 1 1 1
19.139 1 1 1 1 1 1 1 0 0 0 0 0 1 1 1 1 1 0
19.14700000000001 0 1 1 1 1 1 1 1 1 0 0 1 1 1 1 1 0 0
19.15000000000001 1 1 1 1 1 1 0 0 0 0 0 1 1 1 1 0 1 0
19.169 1 1 1 0 0 0 0 0 0 0 0 0 1 1 1 1 1 1
19.172 0 1 1 1 1 1 1 1 1 0 0 0 1 1 1 1 1 1
19.180000000000007 1 1 1 1 0 0 0 0 0 0 0 0 1 1 1 1 0 1
19.218000000000004 0 1 1 1 1 1 0 0 0 0 0 0 1 1 1 0 0 0
19.218000000000004 1 1 1 0 0 0 0 0 0 0 0 0 1 1 1 1 1 0
19.227000000000004 0 1 1 1 1 1 1 1 1 0 0 0 1 1 1 1 0 0
19.248000000000005 0 1 1 1 1 1 1 1 1 0 0 1 1 1 1 1 1 0
19.265 1 1 0 0 0 0 0 0 0 0 0 0 1 1 1 1 1 1
19.28400000000001 1 1 1 1 1 1 1 1 0 0 0 0 1 1 1 1 1 1
19.290000000000006 0 1 1 1 0 0 0 0 0 0 0 0 1 1 1 1 0 1
19.298 1 1 1 1 1 0 0 0 0 0 0 1 1 0 0 0 1 0
19.319999999999997 1 1 1 1 1 0 0 0 0 0 0 0 0 0 0 0 1 0
19.339 1 0 0 0 0 0 0 0 0 0 0 0 1 1 1 1 0 1
19.355000000000004 0 1 1 1 1 1 1 1 1 0 0 1 1 1 1 1 1 0
19.383 1 1 1 1 1 1 0 0 0 0 0 1 1 1 1 1 1 1
19.383 1 1 1 1 1 1 1 1 0 0 0 1 1 1 1 0 1 0
19.388000000000005 1 1 0 0 0 0 0 0 0 0 0 1 1 1 1 1 0 1
19.446 1 1 0 0 0 0 0 0 0 0 0 1 1 1 1 1 1 1
19.450999999999997 0 1 1 1 1 1 1 1 1 0 0 1 1 1 1 1 1 0
19.473 1 1 1 1 0 0 0 0 0 0 0 1 1 0 0 0 1 0
19.476 1 1 1 1 1 1 0 0 0 0 0 1 1 1 0 0 1 0
19.503 1 1 1 1 1 1 1 1 0 0 0 0 1 1 0 0 1 1
19.517 1 1 1 1 1 1 0 0 0 0 0 0 1 1 1 1 1 0
19.52 1 1 0 0 0 0 0 0 0 0 0 0 1 1 1 1 1 1
19.574 1 1 1 1 0 0 0 0 0 0 0 0 1 1 1 1 1 0
19.584999999999997 0 1 1 1 1 1 1 1 1 0 0 0 1 1 1 0 1 0
19.587999999999997 1 1 0 0 0 0 0 0 0 0 0 0 1 1 1 1 1 1
19.596000000000004 1 0 0 0 0 0 0 0 0 0 0 0 1 1 1 1 0 0
19.602000000000004 0 1 1 1 1 1 1 1 1 0 0 0 1 1 0 0 0 0
19.620999999999995 0 1 1 1 1 1 1 1 1 0 0 0 1 1 1 0 1 0
19.651 1 1 1 1 1 1 1 0 0 0 0 1 0 0 0 0 1 0
19.687 0 1 1 1 1 1 0 0 0 0 0 0 1 1 1 1 1 0
19.703000000000003 0 1 0 0 0 0 0 0 0 0 0 0 1 1 1 1 1 0
19.711 1 1 1 1 1 0 0 0 0 0 0 1 1 1 0 0 1 0
19.714 1 1 1 1 1 1 1 0 0 0 0 0 0 0 0 0 1 0
19.724999999999994 1 1 1 1 1 1 1 1 0 0 0 1 1 1 1 1 1 1
19.733000000000004 1 1 1 1 1 0 0 0 0 0 0 1 1 1 1 1 1 1
19.754999999999995 1 1 1 1 1 0 0 0 0 0 0 1 1 1 1 1 1 1
19.758 1 1 1 1 1 1 1 1 0 0 0 1 1 1 1 1 0 0
19.785 1 0 0 0 0 0 0 0 0 0 0 0 1 1 1 1 1 1
19.791 1 1 1 1 1 1 1 1 0 0 0 1 1 1 1 0 1 0
19.802000000000007 1 1 0 0 0 0 0 0 0 0 0 1 1 1 1 1 1 1
19.81 1 1 1 1 0 0 0 0 0 0 0 1 1 1 1 0 1 0
19.837000000000003 1 1 1 1 1 1 1 1 0 0 0 0 1 1 1 1 1 1
19.848 0 1 1 1 1 1 1 1 0 0 0 0 1 1 0 0 1 1
19.848 1 1 0 0 0 0 0 0 0 0 0 1 1 1 1 1 1 1
19.851 1 0 0 0 0 0 0 0 0 0 0 1 1 1 1 1 0 1
19.914 0 1 1 1 1 1 1 1 1 0 0 1 1 1 1 1 1 0
19.914 1 1 1 1 0 0 0 0 0 0 0 0 1 1 1 1 1 0
19.916 1 1 1 1 1 0 0 0 0 0 0 0 1 1 1 1 1 1
19.916 1 1 1 1 1 1 1 0 0 0 0 1 1 1 1 1 1 1
19.922 1 1 0 0 0 0 0 0 0 0 0 1 1 1 1 1 1 1
19.930000000000007 0 1 1 1 1 1 1 1 1 0 0 0 1 1 1 0 1 0
19.949 0 1 1 1 1 1 1 0 0 0 0 0 0 0 0 0 0 0
19.971000000000004 1 1 0 0 0 0 0 0 0 0 0 0 1 1 1 1 1 1
19.974000000000004 0 1 1 1 1 1 1 1 1 0 0 1 1 1 1 1 1 0
19.974000000000004 1 1 1 1 1 1 0 0 0 0 0 1 1 1 1 1 0 1
19.974000000000004 1 1 1 1 1 1 1 0 0 0 0 1 1 1 1 1 1 0
20.018 0 1 1 1 1 1 1 1 1 0 0 1 1 1 1 1 0 0
20.021 0 1 1 1 1 1 1 1 1 0 0 1 1 1 1 0 1 0
20.023 1 1 1 1 1 0 0 0 0 0 0 0 1 0 0 0 1 0
20.03400000000001 0 1 1 1 1 1 1 1 1 0 0 0 1 1 1 1 1 1
20.040000000000006 1 1 1 1 1 0 0 0 0 0 0 1 1 1 1 1 1 0
20.053 1 1 1 1 1 1 1 0 0 0 0 1 1 1 0 0 0 0
20.099999999999994 1 1 1 1 1 1 1 0 0 0 0 0 1 1 0 0 0 0
20.136 1 1 1 1 1 0 0 0 0 0 0 0 1 0 0 0 1 0
20.149 1 1 0 0 0 0 0 0 0 0 0 1 1 1 1 1 1 1
20.155 1 1 1 1 1 1 1 1 0 0 0 0 1 1 1 1 1 1
20.168000000000006 1 1 1 1 1 1 0 0 0 0 0 0 1 1 1 1 1 1
20.218000000000004 1 0 0 0 0 0 0 0 0 0 0 1 1 1 1 1 1 1
20.239999999999995 0 1 1 0 0 0 0 0 0 0 0 1 1 0 0 0 1 0
20.248000000000005 0 1 1 1 1 1 1 1 0 0 0 0 1 1 1 1 1 1
20.253 0 1 1 1 1 1 1 1 0 0 0 1 1 1 1 0 1 0
20.313 0 1 1 1 1 0 0 0 0 0 0 0 1 1 1 1 1 0
20.316000000000003 1 1 1 1 1 1 1 0 0 0 0 0 0 0 0 0 1 0
20.340999999999998 1 1 1 1 1 1 1 0 0 0 0 0 1 1 1 1 1 0
20.428 1 1 0 0 0 0 0 0 0 0 0 0 1 1 1 1 0 0
20.459000000000003 1 1 1 1 1 1 1 1 0 0 0 1 1 1 1 0 1 0
20.504999999999995 1 1 1 1 0 0 0 0 0 0 0 0 1 1 1 1 1 0
20.533 1 1 1 1 1 1 0 0 0 0 0 1 1 1 1 1 1 1
20.552000000000007 1 1 1 1 1 1 1 1 0 0 0 1 1 1 1 1 1 0
20.565 0 1 1 1 1 1 1 1 0 0 0 1 1 1 1 0 1 0
20.617000000000004 1 1 1 0 0 0 0 0 0 0 0 0 1 1 1 1 0 1
20.617000000000004 1 1 1 0 0 0 0 0 0 0 0 0 1 1 1 1 1 0
20.642 0 1 1 1 1 1 1 1 0 0 0 1 1 1 1 1 1 0
20.694000000000003 1 1 1 1 1 1 1 0 0 0 0 1 1 1 1 1 1 0
20.768 0 1 1 1 1 1 1 1 0 0 0 0 1 1 1 1 1 1
20.768 1 1 1 1 1 1 1 0 0 0 0 0 1 1 1 1 1 1
20.771 0 1 0 0 0 0 0 0 0 0 0 0 1 1 1 1 1 0
20.776 1 1 1 1 1 1 1 0 0 0 0 1 0 0 0 0 1 0
20.836 1 1 1 0 0 0 0 0 0 0 0 1 1 1 1 1 1 0
20.883 0 1 1 1 1 1 1 0 0 0 0 1 0 0 0 0 1 0
20.905 0 1 1 1 1 1 1 1 0 0 0 0 1 1 1 1 1 1
20.919 1 1 0 0 0 0 0 0 0 0 0 1 1 1 1 1 0 1
20.950999999999997 0 1 1 0 0 0 0 0 0 0 0 0 1 1 1 0 1 1
20.950999999999997 0 1 1 1 1 1 1 1 0 0 0 0 1 1 1 1 1 1
20.950999999999997 1 0 0 0 0 0 0 0 0 0 0 1 1 1 1 1 1 0
21.03100000000001 1 1 1 0 0 0 0 0 0 0 0 0 1 1 1 0 1 1
21.058000000000007 1 1 1 1 1 1 0 0 0 0 0 1 1 1 1 0 0 0
21.072000000000003 0 1 1 1 1 1 1 1 0 0 0 1 1 1 1 1 1 1
21.086 0 1 1 1 1 1 1 1 0 0 0 0 1 1 1 1 1 1
21.090999999999998 1 1 1 1 1 0 0 0 0 0 0 0 1 1 1 0 1 0
21.096999999999998 1 1 1 1 1 0 0 0 0 0 0 0 0 0 0 0 1 1
21.113 1 1 1 1 1 1 1 0 0 0 0 1 1 1 1 1 1 0
21.129000000000005 1 1 1 1 1 0 0 0 0 0 0 0 1 1 1 1 0 1
21.22 0 1 1 1 1 1 1 1 0 0 0 0 1 1 1 1 1 1
21.269000000000005 1 1 1 1 0 0 0 0 0 0 0 1 1 1 1 0 0 1
21.277 1 1 1 1 1 1 0 0 0 0 0 1 1 1 1 1 1 1
21.283 1 1 1 1 1 1 1 1 0 0 0 1 1 1 1 1 1 1
21.31 1 1 0 0 0 0 0 0 0 0 0 1 1 1 1 1 1 0
21.325999999999997 1 1 1 1 1 1 1 0 0 0 0 1 1 1 1 1 1 0
21.384 0 1 1 1 1 1 1 1 0 0 0 1 1 1 1 1 0 0
21.40000000000001 1 1 1 1 0 0 0 0 0 0 0 0 1 0 0 0 0 1
21.40000000000001 1 1 1 1 1 0 0 0 0 0 0 0 1 1 1 1 1 1
21.40900000000001 1 1 1 1 1 1 1 0 0 0 0 1 1 1 1 1 1 0
21.458 0 1 1 1 1 1 1 1 0 0 0 1 1 1 1 1 1 0
21.462999999999997 1 1 1 1 1 1 0 0 0 0 0 0 1 1 1 0 1 0
21.491 0 1 1 1 1 1 1 1 0 0 0 1 1 1 1 1 1 1
21.501999999999995 1 1 0 0 0 0 0 0 0 0 0 1 1 1 1 1 1 1
21.524 1 1 1 1 1 1 1 0 0 0 0 1 0 0 0 0 1 0
21.53700000000001 1 0 0 0 0 0 0 0 0 0 0 0 1 1 1 1 0 1
21.53700000000001 1 1 1 1 1 1 0 0 0 0 0 1 1 1 1 1 0 1
21.578000000000003 1 1 1 1 1 1 1 0 0 0 0 0 1 1 1 0 1 0
21.581000000000003 0 1 1 1 1 1 1 1 0 0 0 0 1 1 1 1 1 0
21.581000000000003 1 1 1 1 1 1 0 0 0 0 0 1 1 1 1 1 1 0
21.587000000000003 1 0 0 0 0 0 0 0 0 0 0 1 1 1 1 1 1 1
21.605999999999995 1 1 1 0 0 0 0 0 0 0 0 0 1 1 1 1 0 1
21.628 1 1 1 1 1 1 0 0 0 0 0 0 1 1 1 1 1 0
21.65000000000001 1 1 0 0 0 0 0 0 0 0 0 0 1 1 1 1 1 0
21.658 1 1 0 0 0 0 0 0 0 0 0 1 1 1 1 1 0 1
21.671000000000006 0 1 1 1 1 1 1 1 0 0 0 0 1 1 0 0 1 0
21.680000000000007 1 1 1 1 1 1 0 0 0 0 0 0 1 1 1 1 1 0
21.696 1 1 1 1 1 1 0 0 0 0 0 1 1 0 0 0 1 0
21.703999999999997 1 1 0 0 0 0 0 0 0 0 0 1 1 1 1 1 1 1
21.703999999999997 1 1 1 1 1 0 0 0 0 0 0 1 0 0 0 0 1 1
21.712999999999997 1 1 0 0 0 0 0 0 0 0 0 1 1 1 1 1 1 0
21.733999999999995 0 0 0 0 0 0 0 0 0 0 0 1 1 1 1 1 1 0
21.739999999999995 1 0 0 0 0 0 0 0 0 0 0 1 1 1 1 1 1 1
21.773 1 1 0 0 0 0 0 0 0 0 0 0 1 1 1 1 1 1
21.77800000000001 1 1 1 1 1 1 0 0 0 0 0 1 1 1 0 0 1 0
21.803 1 0 0 0 0 0 0 0 0 0 0 1 1 1 1 1 1 1
21.83 0 1 1 1 1 1 1 1 0 0 0 0 1 1 1 1 1 1
21.833 0 1 1 1 1 1 1 1 0 0 0 1 1 1 1 1 1 1
21.840999999999998 0 1 1 1 1 1 1 1 0 0 0 1 1 1 1 1 1 1
21.921000000000006 1 1 1 1 1 1 1 0 0 0 0 0 1 1 1 1 1 1
21.932 1 1 1 1 1 1 1 0 0 0 0 0 1 1 1 0 0 0
21.992000000000004 0 1 1 1 1 1 1 1 0 0 0 1 1 1 1 1 1 0
21.997 1 1 1 1 0 0 0 0 0 0 0 1 1 1 1 1 1 0
22.0 1 1 1 1 1 1 0 0 0 0 0 1 1 1 1 0 1 0
22.004999999999995 1 0 0 0 0 0 0 0 0 0 0 1 1 1 1 1 0 0
22.036 1 1 1 1 0 0 0 0 0 0 0 0 1 0 0 0 1 1
22.036 1 1 1 1 1 1 1 1 0 0 0 1 1 1 1 0 1 0
22.049000000000007 1 1 1 1 0 0 0 0 0 0 0 1 1 1 1 1 1 0
22.055000000000007 1 1 1 0 0 0 0 0 0 0 0 1 1 1 1 1 1 1
22.063 1 1 1 0 0 0 0 0 0 0 0 1 1 1 1 1 0 0
22.068 1 1 1 0 0 0 0 0 0 0 0 0 1 1 1 1 0 1
22.084999999999997 1 1 1 1 1 0 0 0 0 0 0 0 1 1 1 1 1 1
22.096000000000004 1 1 1 1 1 1 0 0 0 0 0 1 1 1 1 0 1 0
22.101 0 1 1 1 1 1 1 1 0 0 0 0 1 1 1 1 1 1
22.117999999999995 1 1 1 1 1 1 0 0 0 0 0 1 1 1 1 0 0 0
22.123000000000005 1 1 1 1 1 1 0 0 0 0 0 0 1 0 0 0 1 0
22.15600000000001 0 1 1 1 1 1 1 0 0 0 0 1 1 1 1 1 1 1
22.183000000000007 1 1 1 1 1 1 1 1 0 0 0 0 1 1 1 1 1 0
22.203000000000003 1 1 1 0 0 0 0 0 0 0 0 0 1 1 1 1 0 1
22.208 1 1 1 1 1 0 0 0 0 0 0 1 1 1 0 0 1 0
22.221999999999998 1 1 1 1 0 0 0 0 0 0 0 0 1 1 1 1 1 1
22.224999999999994 1 1 1 0 0 0 0 0 0 0 0 0 1 1 1 0 1 1
22.254999999999995 0 1 1 1 1 1 1 1 0 0 0 1 1 1 1 1 1 0
22.254999999999995 1 1 0 0 0 0 0 0 0 0 0 0 1 1 1 1 1 0
22.348 1 1 1 1 1 1 1 0 0 0 0 0 1 1 1 0 1 0
22.422 1 1 1 1 0 0 0 0 0 0 0 0 0 0 0 0 1 0
22.441000000000003 1 0 0 0 0 0 0 0 0 0 0 0 1 1 1 1 1 0
22.444000000000003 1 1 0 0 0 0 0 0 0 0 0 1 1 1 1 1 0 1
22.446 0 1 1 1 1 1 1 1 0 0 0 0 1 1 1 0 1 0
22.449 0 1 1 1 1 1 1 1 0 0 0 0 1 1 1 1 0 0
22.501000000000005 1 1 0 0 0 0 0 0 0 0 0 1 1 1 1 1 1 1
22.501000000000005 1 1 1 1 1 0 0 0 0 0 0 0 0 0 0 0 1 0
22.539 0 1 1 1 1 1 1 1 0 0 0 0 1 1 1 0 1 0
22.542 1 1 0 0 0 0 0 0 0 0 0 1 1 1 1 1 1 0
22.575000000000003 1 1 1 1 1 1 1 0 0 0 0 1 0 0 0 0 1 0
22.626999999999995 1 1 1 1 1 0 0 0 0 0 0 1 1 1 1 1 1 1
22.632000000000005 0 1 1 1 1 1 1 1 0 0 0 1 1 1 1 1 1 1
22.649 1 1 1 1 1 0 0 0 0 0 0 1 1 1 1 1 1 1
22.66 1 1 0 0 0 0 0 0 0 0 0 0 1 1 1 1 1 1
22.663 0 1 1 1 1 1 1 1 0 0 0 0 1 1 1 1 1 0
22.693 1 1 1 1 1 1 0 0 0 0 0 0 1 1 1 1 1 1
22.723 1 1 1 1 1 0 0 0 0 0 0 0 0 0 0 0 1 1
22.727999999999994 1 1 1 1 1 0 0 0 0 0 0 0 1 1 0 0 1 0
22.742000000000004 1 1 1 1 1 0 0 0 0 0 0 1 1 1 1 1 0 1
22.742000000000004 1 1 1 1 1 1 0 0 0 0 0 0 1 1 1 1 1 0
22.745000000000005 1 1 1 0 0 0 0 0 0 0 0 0 1 1 1 1 1 0
22.75 0 1 1 1 1 1 1 1 0 0 0 0 1 1 1 1 1 0
22.821 1 1 1 1 1 1 1 1 0 0 0 0 1 1 1 0 1 0
22.834999999999997 0 1 1 1 1 1 1 1 0 0 0 1 1 1 1 1 1 0
22.846000000000004 1 1 1 1 1 1 1 0 0 0 0 1 1 1 1 0 1 0
22.873000000000005 1 0 0 0 0 0 0 0 0 0 0 1 1 1 1 1 0 0
22.873000000000005 1 1 1 1 1 0 0 0 0 0 0 1 1 1 1 1 1 0
22.873000000000005 1 1 1 1 1 1 1 0 0 0 0 1 1 1 1 1 1 1
22.90900000000001 1 1 1 1 1 1 1 1 0 0 0 0 1 1 1 0 1 0
22.92 1 0 0 0 0 0 0 0 0 0 0 1 1 1 1 1 1 0
22.925 1 1 1 1 1 1 1 1 0 0 0 0 1 1 1 1 1 0
22.928 1 1 1 1 1 0 0 0 0 0 0 0 1 1 1 1 1 0
22.941999999999997 0 1 1 1 1 1 1 1 0 0 0 0 1 1 1 1 1 0
22.941999999999997 0 1 1 1 1 1 1 1 0 0 0 0 1 1 1 1 1 1
22.953000000000003 1 1 1 1 0 0 0 0 0 0 0 1 1 1 1 1 1 1
22.971999999999998 0 1 1 1 1 1 1 1 0 0 0 0 1 1 1 1 0 0
23.062 1 1 1 1 1 1 1 0 0 0 0 1 1 1 0 0 0 0
23.120000000000005 1 1 1 1 1 1 0 0 0 0 0 1 1 1 1 1 1 0
23.194000000000003 1 1 1 1 1 1 0 0 0 0 0 1 1 1 1 1 0 0
23.206999999999997 1 1 1 0 0 0 0 0 0 0 0 0 1 1 1 1 0 1
23.212999999999997 1 1 1 0 0 0 0 0 0 0 0 0 1 1 1 0 1 1
23.221000000000004 0 1 1 1 1 1 1 1 0 0 0 0 1 1 1 1 0 1
23.227000000000004 1 1 1 1 1 1 1 0 0 0 0 0 1 1 1 1 1 0
23.232 0 1 1 1 1 0 0 0 0 0 0 0 1 1 0 0 1 0
23.279 1 1 1 1 0 0 0 0 0 0 0 1 1 1 1 1 1 1
23.319999999999997 1 1 1 1 1 0 0 0 0 0 0 1 1 1 1 1 1 0
23.343999999999998 1 0 0 0 0 0 0 0 0 0 0 0 1 1 1 1 1 1
23.355000000000004 0 1 1 1 1 1 1 1 0 0 0 0 1 1 1 1 1 0
23.421000000000006 1 0 0 0 0 0 0 0 0 0 0 0 1 1 1 1 1 0
23.424000000000007 1 1 1 1 1 1 1 0 0 0 0 0 0 0 0 0 1 0
23.435 0 1 1 1 1 1 0 0 0 0 0 1 1 1 1 1 1 1
23.486999999999995 1 1 0 0 0 0 0 0 0 0 0 0 1 1 1 1 0 1
23.492000000000004 1 1 1 0 0 0 0 0 0 0 0 0 1 1 1 1 1 0
23.5 0 1 1 1 1 1 1 1 0 0 0 0 1 1 1 1 1 0
23.514 1 1 1 1 1 1 0 0 0 0 0 0 0 0 0 0 1 1
23.547 0 1 1 1 1 1 1 1 0 0 0 0 1 1 1 1 1 0
23.569000000000003 1 1 1 1 1 0 0 0 0 0 0 0 1 1 1 1 1 1
23.593000000000004 1 1 1 1 0 0 0 0 0 0 0 1 1 1 1 1 1 1
23.617999999999995 1 1 0 0 0 0 0 0 0 0 0 1 1 1 1 1 1 0
23.629000000000005 0 1 1 1 1 1 1 1 0 0 0 0 1 1 1 1 1 1
23.66200000000001 1 1 1 1 0 0 0 0 0 0 0 0 1 1 0 0 1 0
23.673 1 1 0 0 0 0 0 0 0 0 0 0 1 1 0 0 0 0
23.708 1 1 1 1 1 1 0 0 0 0 0 1 1 1 1 0 1 0
23.748999999999995 1 1 1 0 0 0 0 0 0 0 0 0 1 1 0 0 1 0
23.793000000000006 1 1 1 1 1 1 1 1 0 0 0 0 1 1 1 1 1 1
23.807 1 1 1 0 0 0 0 0 0 0 0 1 1 0 0 0 1 0
23.822999999999997 1 1 0 0 0 0 0 0 0 0 0 1 1 1 1 1 1 1
23.834000000000003 1 1 1 1 1 1 1 1 0 0 0 0 1 1 1 1 1 0
23.922 1 1 1 1 0 0 0 0 0 0 0 1 1 1 1 1 1 0
23.925 0 1 1 1 1 1 1 1 0 0 0 0 1 1 1 1 1 0
23.925 1 1 0 0 0 0 0 0 0 0 0 1 1 1 1 1 1 1
23.925 1 1 1 1 0 0 0 0 0 0 0 1 1 0 0 0 0 1
23.944000000000003 1 1 1 1 1 0 0 0 0 0 0 1 0 0 0 0 1 0
23.949 1 1 1 1 1 0 0 0 0 0 0 1 0 0 0 0 1 0
23.955 1 1 0 0 0 0 0 0 0 0 0 0 1 1 1 1 0 1
23.982 0 1 1 1 1 1 1 1 0 0 0 0 1 1 1 1 1 1
23.998999999999995 1 1 1 1 0 0 0 0 0 0 0 1 1 1 0 0 1 0
24.007000000000005 0 1 1 1 1 1 1 0 0 0 0 0 1 1 1 0 1 0
24.015 1 1 1 1 0 0 0 0 0 0 0 1 1 1 1 1 1 1
24.029 0 1 1 1 1 1 1 1 0 0 0 1 1 1 1 1 1 1
24.03400000000001 1 1 1 1 1 1 1 0 0 0 0 0 1 1 1 1 1 0
24.045 1 1 0 0 0 0 0 0 0 0 0 1 1 1 1 0 1 1
24.048 0 1 1 1 1 1 1 1 0 0 0 0 1 1 1 1 1 1
24.084000000000003 1 1 1 1 1 1 0 0 0 0 0 1 1 1 1 0 1 0
24.105000000000004 1 1 1 1 1 0 0 0 0 0 0 0 1 1 1 1 0 0
24.111000000000004 1 1 1 0 0 0 0 0 0 0 0 1 1 0 0 0 1 1
24.122 0 1 1 1 1 1 1 1 0 0 0 1 1 1 1 1 1 0
24.122 1 0 0 0 0 0 0 0 0 0 0 1 1 1 1 1 0 0
24.155 1 1 1 1 1 1 0 0 0 0 0 0 1 1 1 1 1 1
24.157 1 1 1 1 1 1 1 0 0 0 0 1 1 0 0 0 1 1
24.168000000000006 1 1 1 1 1 1 0 0 0 0 0 1 1 1 1 1 1 1
24.215000000000003 1 1 0 0 0 0 0 0 0 0 0 1 1 1 1 1 0 1
24.248000000000005 0 1 1 1 1 1 0 0 0 0 0 0 1 1 1 1 1 0
24.251000000000005 1 1 0 0 0 0 0 0 0 0 0 0 1 1 1 1 1 1
24.27 1 0 0 0 0 0 0 0 0 0 0 1 1 1 1 1 0 1
24.334999999999997 1 1 1 1 1 1 0 0 0 0 0 0 1 1 1 1 0 1
24.352000000000004 1 1 1 1 1 1 0 0 0 0 0 1 0 0 0 0 0 0
24.387 0 1 1 1 1 1 1 1 0 0 0 1 1 1 1 1 1 1
24.393 0 1 1 1 1 1 1 1 0 0 0 1 1 1 1 1 1 0
24.438999999999997 1 0 0 0 0 0 0 0 0 0 0 0 1 1 1 1 0 1
24.491 1 1 1 0 0 0 0 0 0 0 0 0 1 1 1 1 0 1
24.511 1 1 1 1 0 0 0 0 0 0 0 1 1 1 1 1 1 0
24.533 1 1 1 0 0 0 0 0 0 0 0 0 1 0 0 0 1 1
24.574 1 1 1 1 1 1 1 1 0 0 0 0 1 1 1 1 1 1
24.611999999999995 0 1 1 1 1 1 1 1 0 0 0 1 1 1 1 1 1 1
24.611999999999995 1 1 1 1 1 0 0 0 0 0 0 1 1 1 1 1 1 0
24.637 1 1 1 0 0 0 0 0 0 0 0 1 1 1 1 1 0 0
24.642 1 0 0 0 0 0 0 0 0 0 0 0 1 1 1 1 0 1
24.658 1 1 1 1 1 1 1 1 0 0 0 1 1 1 1 1 0 1
24.664 1 1 0 0 0 0 0 0 0 0 0 0 1 1 1 1 1 1
24.680000000000007 1 1 1 1 0 0 0 0 0 0 0 0 1 1 1 1 1 1
24.686000000000007 1 1 1 1 1 1 0 0 0 0 0 1 1 1 0 0 1 0
24.697000000000003 1 0 0 0 0 0 0 0 0 0 0 0 1 1 1 1 1 0
24.741 1 1 1 1 1 1 0 0 0 0 0 1 1 1 1 1 0 0
24.760000000000005 1 1 1 1 1 1 1 0 0 0 0 1 1 1 1 1 1 1
24.779 1 1 0 0 0 0 0 0 0 0 0 0 1 1 1 1 1 0
24.795 1 1 0 0 0 0 0 0 0 0 0 0 1 1 1 1 1 1
24.815 0 1 1 1 1 1 1 1 0 0 0 1 1 1 1 0 1 0
24.913 1 1 1 1 1 1 0 0 0 0 0 1 1 1 1 0 0 0
24.938 0 1 1 1 0 0 0 0 0 0 0 1 1 0 0 0 1 0
24.943 0 1 1 1 1 1 1 1 0 0 0 1 1 1 1 1 1 1
24.949 1 1 1 1 0 0 0 0 0 0 0 1 0 0 0 0 1 0
24.973 0 1 1 1 1 1 1 1 0 0 0 1 1 1 0 0 1 0
25.023 1 0 0 0 0 0 0 0 0 0 0 1 1 1 1 1 1 0
25.02500000000001 1 1 1 1 1 0 0 0 0 0 0 0 1 1 1 1 0 0
25.03100000000001 1 1 1 1 1 0 0 0 0 0 0 1 0 0 0 0 1 0
25.03400000000001 1 1 1 0 0 0 0 0 0 0 0 0 1 1 1 1 1 0
25.042 0 1 1 1 1 1 1 1 0 0 0 1 1 1 1 1 1 1
25.042 1 1 1 1 1 1 0 0 0 0 0 0 0 0 0 0 1 0
25.075000000000003 1 1 1 0 0 0 0 0 0 0 0 1 1 1 1 1 0 1
25.116 1 1 1 1 1 1 0 0 0 0 0 0 1 1 1 1 1 1
25.117999999999995 1 1 1 1 0 0 0 0 0 0 0 0 1 1 1 1 1 1
25.165000000000006 1 1 1 1 1 1 1 0 0 0 0 1 1 1 1 1 1 0
25.179 1 1 1 0 0 0 0 0 0 0 0 0 1 1 0 0 1 0
25.22 1 1 1 1 1 1 1 0 0 0 0 1 1 0 0 0 1 0
25.224999999999994 1 1 1 0 0 0 0 0 0 0 0 0 1 1 1 1 1 1
25.253 1 1 1 1 1 0 0 0 0 0 0 1 1 1 1 1 1 0
25.254999999999995 1 1 1 1 1 1 1 0 0 0 0 0 1 1 1 1 1 1
25.258 0 1 1 1 1 1 1 1 0 0 0 1 1 1 1 1 1 0
25.28 1 1 1 1 1 1 0 0 0 0 0 0 1 1 1 0 1 0
25.305000000000007 1 1 0 0 0 0 0 0 0 0 0 0 1 1 1 1 0 0
25.325999999999997 1 1 0 0 0 0 0 0 0 0 0 0 1 1 1 1 1 0
25.328999999999997 1 1 1 1 1 1 1 0 0 0 0 1 1 1 0 0 1 0
25.331999999999997 1 1 1 1 0 0 0 0 0 0 0 1 1 1 1 1 1 0
25.346000000000004 1 1 1 1 1 1 1 0 0 0 0 1 1 1 1 0 1 0
25.357 1 1 1 1 1 1 1 0 0 0 0 0 1 1 1 0 1 0
25.370000000000005 1 1 1 1 1 0 0 0 0 0 0 0 1 0 0 0 1 1
25.485 1 1 1 1 1 1 0 0 0 0 0 0 1 1 1 1 0 0
25.504000000000005 0 1 1 1 1 1 1 1 0 0 0 0 1 1 1 1 1 0
25.510000000000005 1 1 1 1 1 1 0 0 0 0 0 0 1 1 1 1 1 0
25.513000000000005 0 1 1 1 1 1 1 0 0 0 0 0 1 1 1 0 1 1
25.521 1 1 1 1 1 1 0 0 0 0 0 0 1 1 1 1 0 1
25.554 0 1 1 1 1 1 1 1 0 0 0 1 1 1 1 1 1 0
25.569999999999997 1 1 1 0 0 0 0 0 0 0 0 0 1 1 1 1 1 1
25.614000000000004 1 1 1 1 1 1 0 0 0 0 0 0 1 1 1 1 1 1
25.636 1 1 1 1 1 0 0 0 0 0 0 1 1 1 1 1 1 1
25.655 0 1 1 1 1 1 1 0 0 0 0 1 1 1 1 0 1 0
25.688 1 1 1 1 1 1 0 0 0 0 0 1 1 1 1 1 1 1
25.702 0 1 1 1 1 1 1 1 0 0 0 0 1 1 1 1 1 1
25.739999999999995 0 1 1 1 1 1 1 1 0 0 0 0 1 1 1 1 0 1
25.767 0 1 1 1 1 1 0 0 0 0 0 0 0 0 0 0 1 0
25.792 1 1 1 1 1 1 1 0 0 0 0 0 1 1 1 0 0 0
25.836 1 1 1 1 1 1 1 1 0 0 0 0 1 1 1 1 1 0
25.870999999999995 1 1 1 1 0 0 0 0 0 0 0 0 1 1 1 1 0 1
25.899 0 1 1 1 1 1 0 0 0 0 0 0 1 0 0 0 1 0
25.943 1 1 1 1 1 0 0 0 0 0 0 0 0 0 0 0 1 0
25.947999999999997 1 1 1 1 1 1 1 0 0 0 0 0 1 0 0 0 1 0
25.964 1 1 1 1 1 0 0 0 0 0 0 0 1 1 1 1 0 1
25.977999999999994 0 1 1 1 1 1 1 1 0 0 0 1 1 1 1 1 1 1
26.004999999999995 1 1 1 0 0 0 0 0 0 0 0 1 1 1 1 1 0 0
26.011 1 1 1 1 1 0 0 0 0 0 0 0 1 1 1 1 0 1
26.049000000000007 1 1 1 1 1 1 1 0 0 0 0 0 1 1 1 1 1 0
26.071 1 1 1 1 1 0 0 0 0 0 0 0 1 1 1 1 0 0
26.114999999999995 1 1 1 1 1 1 0 0 0 0 0 0 1 1 1 0 1 1
26.129000000000005 1 1 1 1 1 1 0 0 0 0 0 1 1 1 1 1 0 0
26.145 1 1 1 1 1 1 0 0 0 0 0 0 0 0 0 0 1 0
26.191999999999997 1 1 1 0 0 0 0 0 0 0 0 1 1 0 0 0 1 0
26.197000000000003 1 1 1 0 0 0 0 0 0 0 0 0 1 1 1 1 0 0
26.200000000000003 1 1 1 1 0 0 0 0 0 0 0 0 1 1 0 0 1 1
26.205 1 1 1 1 1 1 1 0 0 0 0 1 1 1 1 0 1 1
26.214 1 1 1 1 0 0 0 0 0 0 0 0 1 1 1 0 1 1
26.271 1 1 1 1 1 1 0 0 0 0 0 0 1 1 1 1 1 1
26.293000000000006 1 1 1 1 1 1 1 0 0 0 0 1 1 1 1 0 1 0
26.296000000000006 1 1 1 1 1 1 0 0 0 0 0 1 1 1 1 1 1 1
26.301 1 1 1 0 0 0 0 0 0 0 0 0 1 1 1 1 1 1
26.361000000000004 0 1 1 1 1 1 1 1 0 0 0 0 1 1 1 1 0 1
26.422 0 1 1 1 1 1 1 1 0 0 0 0 1 1 1 1 0 1
26.422 1 1 1 0 0 0 0 0 0 0 0 0 0 0 0 0 1 0
26.438 1 1 1 1 1 0 0 0 0 0 0 1 1 1 1 0 1 0
26.485 1 1 1 1 1 1 1 0 0 0 0 1 1 1 1 1 1 1
26.53100000000001 1 1 1 1 1 1 1 0 0 0 0 1 1 1 1 1 1 0
26.589 1 1 1 1 1 1 1 0 0 0 0 0 1 1 1 1 1 1
26.608000000000004 1 1 1 1 1 0 0 0 0 0 0 1 1 0 0 0 1 0
26.616 1 1 1 1 1 1 0 0 0 0 0 1 0 0 0 0 0 0
26.620999999999995 1 1 1 1 1 1 0 0 0 0 0 0 1 1 1 1 1 0
26.623999999999995 1 1 1 1 1 1 0 0 0 0 0 0 1 1 1 1 1 1
26.687 1 0 0 0 0 0 0 0 0 0 0 0 1 1 1 1 1 0
26.693 1 1 1 0 0 0 0 0 0 0 0 1 1 0 0 0 1 0
26.739000000000004 1 1 1 1 0 0 0 0 0 0 0 1 1 1 1 1 1 1
26.75 1 1 1 1 1 0 0 0 0 0 0 1 1 1 1 1 0 1
26.786 1 1 1 1 1 0 0 0 0 0 0 0 1 0 0 0 1 0
26.789 1 1 1 1 0 0 0 0 0 0 0 1 1 1 1 1 1 1
26.843000000000004 0 1 1 1 1 1 1 1 0 0 0 1 1 1 1 1 1 0
26.870999999999995 1 1 1 1 1 0 0 0 0 0 0 0 1 0 0 0 0 0
26.89 1 1 1 1 1 0 0 0 0 0 0 1 0 0 0 0 1 0
26.90600000000001 1 1 1 1 1 1 1 0 0 0 0 1 0 0 0 0 1 0
26.923 0 1 1 1 1 1 1 1 0 0 0 1 1 1 1 1 1 0
26.936000000000007 1 1 1 1 1 0 0 0 0 0 0 1 1 0 0 0 1 0
26.965999999999998 1 1 1 1 0 0 0 0 0 0 0 0 0 0 0 0 1 1
26.971999999999998 1 1 1 1 1 1 1 0 0 0 0 0 0 0 0 0 1 1
26.983000000000004 1 1 1 1 0 0 0 0 0 0 0 0 1 1 1 1 1 0
27.001999999999995 1 0 0 0 0 0 0 0 0 0 0 1 1 1 1 1 1 1
27.001999999999995 1 1 1 1 1 1 0 0 0 0 0 1 1 0 0 0 0 0
27.024 1 1 1 1 1 1 1 0 0 0 0 0 1 1 1 1 0 0
27.029 1 1 1 1 0 0 0 0 0 0 0 1 1 1 1 1 1 0
27.035 0 1 1 1 1 1 1 0 0 0 0 0 1 1 1 1 1 0
27.043000000000006 1 1 1 1 1 0 0 0 0 0 0 0 1 1 1 1 1 1
27.046000000000006 1 1 1 0 0 0 0 0 0 0 0 1 1 1 1 1 1 0
27.051 1 1 1 1 1 1 0 0 0 0 0 1 1 0 0 0 1 0
27.081000000000003 1 1 1 1 1 0 0 0 0 0 0 0 1 1 0 0 0 0
27.087000000000003 1 1 1 1 1 1 1 0 0 0 0 0 0 0 0 0 1 0
27.158 1 1 0 0 0 0 0 0 0 0 0 1 1 1 1 1 1 0
27.164 0 1 1 1 1 1 1 0 0 0 0 0 1 1 1 1 1 0
27.185 1 1 1 1 0 0 0 0 0 0 0 1 1 1 0 0 1 0
27.199 1 1 1 1 0 0 0 0 0 0 0 1 1 1 0 0 1 0
27.218000000000004 1 1 1 1 1 1 1 0 0 0 0 1 1 1 1 1 1 0
27.257000000000005 1 1 1 1 1 1 1 0 0 0 0 1 1 0 0 0 1 0
27.259 1 0 0 0 0 0 0 0 0 0 0 0 1 1 1 1 1 0
27.276 1 1 1 1 1 1 1 0 0 0 0 0 1 0 0 0 1 0
27.339 1 0 0 0 0 0 0 0 0 0 0 1 1 1 1 1 1 1
27.349999999999994 1 1 0 0 0 0 0 0 0 0 0 0 1 1 1 1 1 1
27.394000000000005 1 1 1 0 0 0 0 0 0 0 0 0 1 0 0 0 1 0
27.429 0 1 1 1 1 1 0 0 0 0 0 1 1 0 0 0 1 0
27.465000000000003 1 1 1 1 1 0 0 0 0 0 0 0 1 1 1 0 1 0
27.476 1 1 0 0 0 0 0 0 0 0 0 1 1 1 1 1 1 1
27.476 1 1 1 1 1 1 1 0 0 0 0 0 1 1 1 0 1 0
27.477999999999994 1 1 1 0 0 0 0 0 0 0 0 1 0 0 0 0 1 1
27.486999999999995 1 1 1 0 0 0 0 0 0 0 0 0 1 1 1 1 1 1
27.52200000000001 0 1 1 1 1 1 1 0 0 0 0 0 1 1 1 1 1 1
27.552000000000007 1 1 1 0 0 0 0 0 0 0 0 0 1 1 1 1 0 0
27.555000000000007 1 1 1 1 1 0 0 0 0 0 0 1 1 1 1 1 1 1
27.555000000000007 1 1 1 1 1 1 0 0 0 0 0 1 1 1 1 1 1 1
27.577 1 1 1 1 1 1 0 0 0 0 0 0 1 1 1 1 1 1
27.599000000000004 1 1 1 1 0 0 0 0 0 0 0 0 1 1 1 1 0 1
27.623999999999995 1 1 1 1 1 1 0 0 0 0 0 1 1 1 0 0 1 0
27.643 0 1 1 1 1 1 1 0 0 0 0 0 1 1 1 1 1 0
27.727999999999994 1 1 1 1 0 0 0 0 0 0 0 0 0 0 0 0 0 0
27.751999999999995 1 1 1 1 1 1 0 0 0 0 0 0 0 0 0 0 1 0
27.769000000000005 0 1 1 1 1 1 1 0 0 0 0 1 1 1 1 1 1 0
27.771 1 0 0 0 0 0 0 0 0 0 0 1 1 1 1 1 1 0
27.782 1 1 0 0 0 0 0 0 0 0 0 1 1 1 1 1 1 1
27.822999999999997 1 1 0 0 0 0 0 0 0 0 0 0 1 1 1 1 1 1
27.834000000000003 1 0 0 0 0 0 0 0 0 0 0 1 1 1 1 1 1 0
27.858999999999995 1 1 0 0 0 0 0 0 0 0 0 0 1 1 1 1 1 1
27.914 1 1 1 1 0 0 0 0 0 0 0 1 1 0 0 0 1 1
27.955 1 1 1 1 1 0 0 0 0 0 0 0 1 1 1 1 0 0
27.965999999999998 0 1 1 1 1 1 1 0 0 0 0 1 1 1 1 1 1 0
27.982 1 1 1 0 0 0 0 0 0 0 0 1 1 1 1 1 1 1
28.015 1 1 1 0 0 0 0 0 0 0 0 0 1 1 1 1 0 1
28.03700000000001 1 1 1 1 1 1 1 0 0 0 0 0 1 1 1 1 1 1
28.059 1 1 1 1 1 1 0 0 0 0 0 1 1 1 1 1 0 0
28.084000000000003 1 1 1 1 1 1 1 0 0 0 0 1 1 1 1 1 1 0
28.093999999999998 1 0 0 0 0 0 0 0 0 0 0 1 1 1 1 1 1 0
28.093999999999998 1 1 1 1 1 1 1 0 0 0 0 0 1 1 1 1 1 1
28.141000000000005 1 1 1 1 1 1 1 0 0 0 0 1 1 1 1 1 1 1
28.182 1 1 0 0 0 0 0 0 0 0 0 1 1 1 1 1 1 1
28.223 0 1 1 1 1 1 1 0 0 0 0 0 1 1 1 1 1 1
28.233999999999995 0 1 1 1 1 1 1 0 0 0 0 1 1 1 1 1 1 0
28.239999999999995 1 1 1 1 1 1 1 0 0 0 0 1 1 1 1 1 0 1
28.303 1 1 1 1 0 0 0 0 0 0 0 1 1 1 1 1 1 0
28.322000000000003 1 0 0 0 0 0 0 0 0 0 0 0 1 1 1 1 1 0
28.322000000000003 1 1 0 0 0 0 0 0 0 0 0 1 1 1 1 1 1 0
28.337999999999997 1 0 0 0 0 0 0 0 0 0 0 1 1 1 1 1 0 1
28.437 1 1 1 1 0 0 0 0 0 0 0 1 1 1 1 1 1 0
28.464 1 1 1 1 1 1 1 0 0 0 0 0 1 1 1 1 0 1
28.477999999999994 1 1 1 0 0 0 0 0 0 0 0 1 1 1 1 1 1 1
28.480000000000004 1 1 1 1 1 1 1 0 0 0 0 0 0 0 0 0 1 0
28.489000000000004 1 1 1 1 1 1 1 0 0 0 0 1 1 0 0 0 1 0
28.598 1 1 1 1 1 1 0 0 0 0 0 0 1 1 1 0 1 0
28.604 1 1 1 1 1 1 0 0 0 0 0 0 1 1 1 1 1 0
28.634 0 1 0 0 0 0 0 0 0 0 0 0 1 1 1 0 1 1
28.648 1 1 1 1 1 1 0 0 0 0 0 0 1 1 1 1 1 0
28.667 1 1 1 1 1 1 1 0 0 0 0 1 1 0 0 0 1 0
28.683000000000007 0 1 1 1 1 1 1 0 0 0 0 1 1 1 1 1 1 1
28.715999999999998 1 1 0 0 0 0 0 0 0 0 0 1 1 1 0 0 1 1
28.727000000000004 1 1 0 0 0 0 0 0 0 0 0 1 1 1 1 1 1 1
28.782 1 1 0 0 0 0 0 0 0 0 0 1 1 1 1 1 0 1
28.828000000000003 1 1 1 1 1 0 0 0 0 0 0 1 1 1 1 0 1 1
28.834000000000003 1 1 0 0 0 0 0 0 0 0 0 1 1 1 1 1 1 0
28.845 1 1 1 1 1 1 0 0 0 0 0 1 1 1 1 1 1 1
28.849999999999994 1 1 1 0 0 0 0 0 0 0 0 0 1 1 1 1 1 1
28.921000000000006 1 1 0 0 0 0 0 0 0 0 0 0 1 1 1 1 1 1
28.986999999999995 0 1 1 0 0 0 0 0 0 0 0 1 1 1 1 1 0 0
29.003 1 1 1 1 1 0 0 0 0 0 0 0 1 1 0 0 1 0
29.03400000000001 1 1 1 1 1 1 1 0 0 0 0 0 1 1 1 1 1 0
29.039 1 1 0 0 0 0 0 0 0 0 0 1 1 1 1 1 1 1
29.047 1 1 1 0 0 0 0 0 0 0 0 1 1 1 1 1 1 1
29.072000000000003 1 1 1 0 0 0 0 0 0 0 0 0 0 0 0 0 1 0
29.113 0 1 1 1 1 1 1 0 0 0 0 0 1 0 0 0 1 0
29.146 1 1 1 0 0 0 0 0 0 0 0 0 1 1 1 1 0 1
29.19 0 1 1 1 1 1 1 0 0 0 0 0 1 1 1 1 1 0
29.197999999999997 0 1 1 1 1 1 1 0 0 0 0 1 1 1 1 1 1 0
29.242000000000004 1 0 0 0 0 0 0 0 0 0 0 0 1 1 1 1 0 1
29.283 1 1 1 1 1 1 0 0 0 0 0 1 1 1 1 1 1 1
29.379000000000005 1 1 1 0 0 0 0 0 0 0 0 1 0 0 0 0 1 0
29.474000000000004 1 1 1 1 1 1 1 0 0 0 0 0 1 1 1 1 0 0
29.491 1 1 1 1 1 0 0 0 0 0 0 0 1 1 1 1 0 1
29.521 1 1 1 1 0 0 0 0 0 0 0 0 1 1 0 0 0 0
29.53700000000001 1 1 1 1 1 1 0 0 0 0 0 1 1 1 1 1 1 1
29.677000000000007 1 1 1 0 0 0 0 0 0 0 0 0 1 1 1 1 0 1
29.696 1 0 0 0 0 0 0 0 0 0 0 1 1 1 1 1 1 1
29.742999999999995 0 1 1 1 1 1 1 0 0 0 0 1 1 1 1 1 1 0
29.759 1 1 1 1 1 1 0 0 0 0 0 0 1 1 1 1 1 1
29.822000000000003 1 1 1 1 1 1 0 0 0 0 0 1 1 1 1 1 1 1
29.836 1 0 0 0 0 0 0 0 0 0 0 0 1 1 1 1 1 1
29.836 1 1 1 1 0 0 0 0 0 0 0 1 1 1 1 0 1 1
29.901 1 0 0 0 0 0 0 0 0 0 0 1 1 1 1 1 1 1
29.974999999999994 1 1 1 1 0 0 0 0 0 0 0 0 1 1 1 1 1 0
29.980999999999995 1 1 1 0 0 0 0 0 0 0 0 0 1 1 0 0 1 1
29.995000000000005 1 1 1 0 0 0 0 0 0 0 0 0 1 1 1 1 1 1
30.0 0 0 0 0 0 0 0 0 0 0 0 0 1 1 1 1 0 1
30.0 0 0 0 0 0 0 0 0 0 0 0 0 1 1 1 1 1 0
30.0 0 0 0 0 0 0 0 0 0 0 0 0 1 1 1 1 1 1
30.0 0 0 0 0 0 0 0 0 0 0 0 0 1 1 1 1 1 1
30.0 0 0 0 0 0 0 0 0 0 0 0 0 1 1 1 1 1 1
30.0 0 0 0 0 0 0 0 0 0 0 0 1 1 1 1 1 1 0
30.0 0 0 0 0 0 0 0 0 0 0 0 1 1 1 1 1 1 0
30.0 0 0 0 0 0 0 0 0 0 0 0 1 1 1 1 1 1 1
30.0 0 0 0 0 0 0 0 0 0 0 0 1 1 1 1 1 1 1
30.0 0 1 0 0 0 0 0 0 0 0 0 0 1 1 1 0 1 1
30.0 0 1 0 0 0 0 0 0 0 0 0 0 1 1 1 1 0 0
30.0 0 1 0 0 0 0 0 0 0 0 0 0 1 1 1 1 0 1
30.0 0 1 0 0 0 0 0 0 0 0 0 0 1 1 1 1 0 1
30.0 0 1 0 0 0 0 0 0 0 0 0 0 1 1 1 1 0 1
30.0 0 1 0 0 0 0 0 0 0 0 0 0 1 1 1 1 0 1
30.0 0 1 0 0 0 0 0 0 0 0 0 0 1 1 1 1 1 0
30.0 0 1 0 0 0 0 0 0 0 0 0 0 1 1 1 1 1 0
30.0 0 1 0 0 0 0 0 0 0 0 0 0 1 1 1 1 1 1
30.0 0 1 0 0 0 0 0 0 0 0 0 0 1 1 1 1 1 1
30.0 0 1 0 0 0 0 0 0 0 0 0 0 1 1 1 1 1 1
30.0 0 1 0 0 0 0 0 0 0 0 0 0 1 1 1 1 1 1
30.0 0 1 0 0 0 0 0 0 0 0 0 0 1 1 1 1 1 1
30.0 0 1 0 0 0 0 0 0 0 0 0 1 1 1 0 0 0 0
30.0 0 1 0 0 0 0 0 0 0 0 0 1 1 1 1 0 1 0
30.0 0 1 0 0 0 0 0 0 0 0 0 1 1 1 1 0 1 0
30.0 0 1 0 0 0 0 0 0 0 0 0 1 1 1 1 1 0 1
30.0 0 1 0 0 0 0 0 0 0 0 0 1 1 1 1 1 1 0
30.0 0 1 0 0 0 0 0 0 0 0 0 1 1 1 1 1 1 0
30.0 0 1 0 0 0 0 0 0 0 0 0 1 1 1 1 1 1 1
30.0 0 1 0 0 0 0 0 0 0 0 0 1 1 1 1 1 1 1
30.0 0 1 0 0 0 0 0 0 0 0 0 1 1 1 1 1 1 1
30.0 0 1 0 0 0 0 0 0 0 0 0 1 1 1 1 1 1 1
30.0 0 1 1 0 0 0 0 0 0 0 0 0 0 0 0 0 1 0
30.0 0 1 1 0 0 0 0 0 0 0 0 0 0 0 0 0 1 0
30.0 0 1 1 0 0 0 0 0 0 0 0 0 1 0 0 0 1 0
30.0 0 1 1 0 0 0 0 0 0 0 0 0 1 0 0 0 1 0
30.0 0 1 1 0 0 0 0 0 0 0 0 0 1 0 0 0 1 0
30.0 0 1 1 0 0 0 0 0 0 0 0 0 1 1 0 0 0 1
30.0 0 1 1 0 0 0 0 0 0 0 0 0 1 1 1 0 1 0
30.0 0 1 1 0 0 0 0 0 0 0 0 0 1 1 1 1 0 0
30.0 0 1 1 0 0 0 0 0 0 0 0 0 1 1 1 1 0 0
30.0 0 1 1 0 0 0 0 0 0 0 0 0 1 1 1 1 1 0
30.0 0 1 1 0 0 0 0 0 0 0 0 1 0 0 0 0 1 0
30.0 0 1 1 0 0 0 0 0 0 0 0 1 1 0 0 0 1 0
30.0 0 1 1 0 0 0 0 0 0 0 0 1 1 1 0 0 1 0
30.0 0 1 1 0 0 0 0 0 0 0 0 1 1 1 1 0 1 1
30.0 0 1 1 0 0 0 0 0 0 0 0 1 1 1 1 1 0 1
30.0 0 1 1 0 0 0 0 0 0 0 0 1 1 1 1 1 1 0
30.0 0 1 1 0 0 0 0 0 0 0 0 1 1 1 1 1 1 0
30.0 0 1 1 1 0 0 0 0 0 0 0 0 0 0 0 0 1 0
30.0 0 1 1 1 0 0 0 0 0 0 0 0 1 0 0 0 1 0
30.0 0 1 1 1 0 0 0 0 0 0 0 0 1 1 1 0 0 1
30.0 0 1 1 1 0 0 0 0 0 0 0 0 1 1 1 0 1 0
30.0 0 1 1 1 0 0 0 0 0 0 0 0 1 1 1 1 0 1
30.0 0 1 1 1 0 0 0 0 0 0 0 0 1 1 1 1 1 0
30.0 0 1 1 1 0 0 0 0 0 0 0 0 1 1 1 1 1 0
30.0 0 1 1 1 0 0 0 0 0 0 0 0 1 1 1 1 1 1
30.0 0 1 1 1 0 0 0 0 0 0 0 0 1 1 1 1 1 1
30.0 0 1 1 1 0 0 0 0 0 0 0 1 0 0 0 0 1 0
30.0 0 1 1 1 0 0 0 0 0 0 0 1 1 0 0 0 1 0
30.0 0 1 1 1 0 0 0 0 0 0 0 1 1 1 0 0 1 0
30.0 0 1 1 1 0 0 0 0 0 0 0 1 1 1 1 1 1 0
30.0 0 1 1 1 0 0 0 0 0 0 0 1 1 1 1 1 1 0
30.0 0 1 1 1 0 0 0 0 0 0 0 1 1 1 1 1 1 0
30.0 0 1 1 1 0 0 0 0 0 0 0 1 1 1 1 1 1 1
30.0 0 1 1 1 1 0 0 0 0 0 0 0 0 0 0 0 1 1
30.0 0 1 1 1 1 0 0 0 0 0 0 0 0 0 0 0 1 1
30.0 0 1 1 1 1 0 0 0 0 0 0 0 0 0 0 0 1 1
30.0 0 1 1 1 1 0 0 0 0 0 0 0 1 0 0 0 0 0
30.0 0 1 1 1 1 0 0 0 0 0 0 0 1 0 0 0 1 0
30.0 0 1 1 1 1 0 0 0 0 0 0 0 1 1 0 0 1 0
30.0 0 1 1 1 1 0 0 0 0 0 0 0 1 1 0 0 1 0
30.0 0 1 1 1 1 0 0 0 0 0 0 0 1 1 0 0 1 0
30.0 0 1 1 1 1 0 0 0 0 0 0 0 1 1 0 0 1 0
30.0 0 1 1 1 1 0 0 0 0 0 0 0 1 1 1 1 0 1
30.0 0 1 1 1 1 0 0 0 0 0 0 0 1 1 1 1 1 0
30.0 0 1 1 1 1 0 0 0 0 0 0 0 1 1 1 1 1 0
30.0 0 1 1 1 1 0 0 0 0 0 0 0 1 1 1 1 1 0
30.0 0 1 1 1 1 0 0 0 0 0 0 0 1 1 1 1 1 0
30.0 0 1 1 1 1 0 0 0 0 0 0 0 1 1 1 1 1 0
30.0 0 1 1 1 1 0 0 0 0 0 0 0 1 1 1 1 1 1
30.0 0 1 1 1 1 0 0 0 0 0 0 0 1 1 1 1 1 1
30.0 0 1 1 1 1 0 0 0 0 0 0 0 1 1 1 1 1 1
30.0 0 1 1 1 1 0 0 0 0 0 0 1 0 0 0 0 1 1
30.0 0 1 1 1 1 0 0 0 0 0 0 1 0 0 0 0 1 1
30.0 0 1 1 1 1 0 0 0 0 0 0 1 1 0 0 0 1 0
30.0 0 1 1 1 1 0 0 0 0 0 0 1 1 0 0 0 1 0
30.0 0 1 1 1 1 0 0 0 0 0 0 1 1 0 0 0 1 1
30.0 0 1 1 1 1 0 0 0 0 0 0 1 1 1 0 0 0 0
30.0 0 1 1 1 1 0 0 0 0 0 0 1 1 1 1 0 1 1
30.0 0 1 1 1 1 0 0 0 0 0 0 1 1 1 1 1 0 1
30.0 0 1 1 1 1 0 0 0 0 0 0 1 1 1 1 1 1 0
30.0 0 1 1 1 1 0 0 0 0 0 0 1 1 1 1 1 1 0
30.0 0 1 1 1 1 0 0 0 0 0 0 1 1 1 1 1 1 1
30.0 0 1 1 1 1 0 0 0 0 0 0 1 1 1 1 1 1 1
30.0 0 1 1 1 1 0 0 0 0 0 0 1 1 1 1 1 1 1
30.0 0 1 1 1 1 1 0 0 0 0 0 0 1 0 0 0 0 0
30.0 0 1 1 1 1 1 0 0 0 0 0 0 1 1 1 0 0 0
30.0 0 1 1 1 1 1 0 0 0 0 0 0 1 1 1 0 1 0
30.0 0 1 1 1 1 1 0 0 0 0 0 0 1 1 1 0 1 0
30.0 0 1 1 1 1 1 0 0 0 0 0 0 1 1 1 0 1 1
30.0 0 1 1 1 1 1 0 0 0 0 0 0 1 1 1 1 0 0
30.0 0 1 1 1 1 1 0 0 0 0 0 0 1 1 1 1 0 0
30.0 0 1 1 1 1 1 0 0 0 0 0 0 1 1 1 1 0 0
30.0 0 1 1 1 1 1 0 0 0 0 0 0 1 1 1 1 0 1
30.0 0 1 1 1 1 1 0 0 0 0 0 0 1 1 1 1 0 1
30.0 0 1 1 1 1 1 0 0 0 0 0 0 1 1 1 1 1 0
30.0 0 1 1 1 1 1 0 0 0 0 0 0 1 1 1 1 1 0
30.0 0 1 1 1 1 1 0 0 0 0 0 0 1 1 1 1 1 1
30.0 0 1 1 1 1 1 0 0 0 0 0 0 1 1 1 1 1 1
30.0 0 1 1 1 1 1 0 0 0 0 0 0 1 1 1 1 1 1
30.0 0 1 1 1 1 1 0 0 0 0 0 0 1 1 1 1 1 1
30.0 0 1 1 1 1 1 0 0 0 0 0 0 1 1 1 1 1 1
30.0 0 1 1 1 1 1 0 0 0 0 0 1 0 0 0 0 0 0
30.0 0 1 1 1 1 1 0 0 0 0 0 1 0 0 0 0 1 0
30.0 0 1 1 1 1 1 0 0 0 0 0 1 0 0 0 0 1 1
30.0 0 1 1 1 1 1 0 0 0 0 0 1 1 0 0 0 1 0
30.0 0 1 1 1 1 1 0 0 0 0 0 1 1 0 0 0 1 0
30.0 0 1 1 1 1 1 0 0 0 0 0 1 1 0 0 0 1 0
30.0 0 1 1 1 1 1 0 0 0 0 0 1 1 1 0 0 1 1
30.0 0 1 1 1 1 1 0 0 0 0 0 1 1 1 1 1 0 0
30.0 0 1 1 1 1 1 0 0 0 0 0 1 1 1 1 1 0 0
30.0 0 1 1 1 1 1 0 0 0 0 0 1 1 1 1 1 0 1
30.0 0 1 1 1 1 1 0 0 0 0 0 1 1 1 1 1 1 0
30.0 0 1 1 1 1 1 0 0 0 0 0 1 1 1 1 1 1 0
30.0 0 1 1 1 1 1 0 0 0 0 0 1 1 1 1 1 1 0
30.0 0 1 1 1 1 1 0 0 0 0 0 1 1 1 1 1 1 1
30.0 0 1 1 1 1 1 0 0 0 0 0 1 1 1 1 1 1 1
30.0 0 1 1 1 1 1 0 0 0 0 0 1 1 1 1 1 1 1
30.0 0 1 1 1 1 1 0 0 0 0 0 1 1 1 1 1 1 1
30.0 0 1 1 1 1 1 0 0 0 0 0 1 1 1 1 1 1 1
30.0 0 1 1 1 1 1 0 0 0 0 0 1 1 1 1 1 1 1
30.0 0 1 1 1 1 1 0 0 0 0 0 1 1 1 1 1 1 1
30.0 0 1 1 1 1 1 1 0 0 0 0 0 1 0 0 0 1 0
30.0 0 1 1 1 1 1 1 0 0 0 0 0 1 1 1 1 0 0
30.0 0 1 1 1 1 1 1 0 0 0 0 0 1 1 1 1 1 0
30.0 0 1 1 1 1 1 1 0 0 0 0 1 1 1 0 0 1 0
30.0 0 1 1 1 1 1 1 0 0 0 0 1 1 1 1 1 1 0
30.0 0 1 1 1 1 1 1 0 0 0 0 1 1 1 1 1 1 0
30.0 0 1 1 1 1 1 1 0 0 0 0 1 1 1 1 1 1 0
30.0 0 1 1 1 1 1 1 0 0 0 0 1 1 1 1 1 1 0
30.0 0 1 1 1 1 1 1 0 0 0 0 1 1 1 1 1 1 1
30.0 0 1 1 1 1 1 1 0 0 0 0 1 1 1 1 1 1 1
30.0 0 1 1 1 1 1 1 0 0 0 0 1 1 1 1 1 1 1
30.0 0 1 1 1 1 1 1 0 0 0 0 1 1 1 1 1 1 1
30.0 0 1 1 1 1 1 1 0 0 0 0 1 1 1 1 1 1 1
