1e-06 1 0 0 1 0 0 0 1 1
1e-06 1 0 1 0 0 1 0 1 1
1 0 0 0 0 0 0 1 0 1
1 0 0 0 0 1 0 0 1 1
1 0 0 0 0 1 0 0 1 1
1 0 0 0 1 0 0 0 1 1
1 0 0 0 1 0 0 0 1 1
1 0 0 1 0 0 0 1 0 1
1 0 0 1 0 0 0 1 0 1
1 0 0 1 0 0 0 1 1 1
1 0 0 1 0 1 0 0 0 1
1 0 0 1 0 1 0 0 1 1
1 0 0 1 0 1 0 0 1 1
1 0 1 0 0 0 0 1 0 1
1 0 1 0 0 1 0 0 1 1
1 0 1 1 0 0 0 1 1 1
1 1 0 0 0 0 0 1 1 1
1 1 0 0 0 0 0 1 1 1
1 1 0 0 0 0 0 1 1 1
1 1 0 0 0 0 0 1 1 1
1 1 0 0 0 1 0 0 0 0
1 1 0 0 0 1 0 0 1 1
1 1 0 0 0 1 0 0 1 1
1 1 0 0 0 1 0 0 1 1
1 1 0 0 0 1 0 0 1 1
1 1 0 0 0 1 0 0 1 1
1 1 0 0 0 1 0 0 1 1
1 1 0 0 1 0 0 0 0 1
1 1 0 0 1 0 0 0 1 1
1 1 0 1 0 0 0 1 0 1
1 1 0 1 0 0 0 1 0 1
1 1 0 1 0 0 0 1 1 0
1 1 0 1 0 0 0 1 1 1
1 1 0 1 0 0 0 1 1 1
1 1 0 1 0 0 0 1 1 1
1 1 0 1 0 0 0 1 1 1
1 1 0 1 0 0 0 1 1 1
1 1 0 1 0 0 1 0 1 1
1 1 0 1 0 1 0 0 1 1
1 1 0 1 0 1 0 0 1 1
1 1 0 1 0 1 0 0 1 1
1 1 0 1 0 1 0 0 1 1
1 1 0 1 0 1 0 0 1 1
1 1 1 0 0 0 0 1 1 1
1 1 1 1 0 0 0 1 0 0
1 1 1 1 0 0 0 1 1 1
1 1 1 1 0 1 0 0 1 1
1 1 1 1 1 0 0 0 1 1
2 0 0 0 0 0 0 1 0 1
2 0 0 0 0 0 0 1 1 1
2 0 0 0 0 0 0 1 1 1
2 0 0 0 0 1 0 0 1 1
2 0 0 0 1 0 0 0 1 1
2 0 0 1 0 0 0 1 0 1
2 0 0 1 0 0 0 1 0 1
2 0 0 1 0 0 1 0 1 1
2 0 1 1 1 0 0 0 0 1
2 1 0 0 0 0 0 1 0 1
2 1 0 0 0 0 1 0 1 1
2 1 0 0 0 1 0 0 0 1
2 1 0 0 0 1 0 0 1 1
2 1 0 0 0 1 0 0 1 1
2 1 0 0 1 0 0 0 0 1
2 1 0 0 1 0 0 0 0 1
2 1 0 0 1 0 0 0 0 1
2 1 0 0 1 0 0 0 0 1
2 1 0 1 0 0 0 1 0 1
2 1 0 1 0 0 0 1 0 1
2 1 0 1 0 0 0 1 1 1
2 1 0 1 0 0 0 1 1 1
2 1 0 1 0 1 0 0 0 0
2 1 0 1 0 1 0 0 1 1
2 1 0 1 0 1 0 0 1 1
2 1 0 1 0 1 0 0 1 1
2 1 0 1 0 1 0 0 1 1
2 1 0 1 1 0 0 0 0 0
2 1 0 1 1 0 0 0 0 1
2 1 0 1 1 0 0 0 1 1
2 1 1 0 0 0 0 1 1 1
2 1 1 0 0 1 0 0 1 1
2 1 1 0 0 1 0 0 1 1
2 1 1 0 0 1 0 0 1 1
2 1 1 0 1 0 0 0 0 1
2 1 1 1 0 0 0 1 1 1
2 1 1 1 0 1 0 0 0 1
3 0 0 0 0 1 0 0 1 1
3 0 0 1 0 1 0 0 1 1
3 0 0 1 1 0 0 0 0 1
3 0 0 1 1 0 0 0 1 1
3 0 1 0 0 1 0 0 1 1
3 0 1 0 0 1 0 0 1 1
3 0 1 1 0 0 0 1 1 1
3 0 1 1 0 0 0 1 1 1
3 1 0 0 0 0 0 1 0 1
3 1 0 0 0 0 0 1 1 1
3 1 0 0 0 1 0 0 0 1
3 1 0 0 0 1 0 0 1 1
3 1 0 0 0 1 0 0 1 1
3 1 0 0 0 1 0 0 1 1
3 1 0 0 1 0 0 0 1 1
3 1 0 1 0 0 0 1 0 1
3 1 0 1 0 0 1 0 0 1
3 1 0 1 0 0 1 0 0 1
3 1 0 1 0 1 0 0 1 1
3 1 0 1 0 1 0 0 1 1
3 1 0 1 1 0 0 0 0 1
3 1 0 1 1 0 0 0 1 1
3 1 1 0 0 0 0 1 0 1
3 1 1 0 0 0 0 1 1 1
3 1 1 0 1 0 0 0 1 1
3 1 1 1 0 0 0 1 1 1
4 0 0 0 0 1 0 0 0 1
4 0 0 0 0 1 0 0 0 1
4 0 0 0 0 1 0 0 1 1
4 0 0 0 1 0 0 0 0 0
4 0 0 0 1 0 0 0 0 0
4 0 0 0 1 0 0 0 0 1
4 0 0 0 1 0 0 0 1 1
4 0 0 1 0 0 0 1 0 1
4 0 0 1 0 0 0 1 0 1
4 0 0 1 0 0 0 1 1 1
4 0 0 1 0 0 0 1 1 1
4 0 0 1 0 0 1 0 1 1
4 0 0 1 0 1 0 0 1 1
4 0 1 1 0 1 0 0 1 1
4 1 0 0 0 0 0 1 0 0
4 1 0 0 0 0 0 1 0 0
4 1 0 0 0 0 0 1 0 1
4 1 0 0 0 0 0 1 0 1
4 1 0 0 0 0 0 1 1 1
4 1 0 0 0 0 1 0 1 1
4 1 0 0 0 0 1 0 1 1
4 1 0 0 0 1 0 0 0 1
4 1 0 0 1 0 0 0 0 1
4 1 0 0 1 0 0 0 1 1
4 1 0 1 0 0 0 1 1 1
4 1 0 1 0 1 0 0 1 1
4 1 0 1 1 0 0 0 0 1
4 1 0 1 1 0 0 0 1 1
4 1 1 0 0 0 0 1 0 1
4 1 1 0 0 0 0 1 1 1
4 1 1 0 0 0 1 0 0 0
4 1 1 1 0 0 0 1 1 1
4 1 1 1 0 1 0 0 0 1
5 0 0 0 0 1 0 0 1 1
5 0 1 0 0 1 0 0 1 1
5 0 1 1 0 0 0 1 1 1
5 1 0 0 0 0 0 1 1 1
5 1 0 0 0 1 0 0 1 0
5 1 0 0 0 1 0 0 1 1
5 1 0 1 0 1 0 0 1 1
5 1 1 0 0 0 1 0 1 1
6 0 0 0 0 0 0 1 1 1
6 0 0 0 0 0 1 0 1 1
6 0 0 0 1 0 0 0 0 1
6 0 0 1 0 0 0 1 1 1
6 0 1 0 0 0 0 1 0 0
6 0 1 0 0 0 0 1 0 1
6 0 1 1 0 0 0 1 0 1
6 1 0 0 0 0 1 0 1 1
6 1 0 0 0 0 1 0 1 1
6 1 0 0 0 1 0 0 0 0
6 1 0 0 0 1 0 0 0 1
6 1 0 0 0 1 0 0 1 1
6 1 0 0 0 1 0 0 1 1
6 1 0 0 1 0 0 0 1 1
6 1 0 1 0 0 0 1 0 0
6 1 0 1 0 0 1 0 1 1
6 1 0 1 0 1 0 0 0 1
6 1 0 1 0 1 0 0 1 0
6 1 0 1 1 0 0 0 1 1
6 1 1 1 0 0 1 0 1 1
7 0 0 0 0 1 0 0 1 1
7 0 0 0 0 1 0 0 1 1
7 0 0 0 1 0 0 0 1 0
7 0 0 0 1 0 0 0 1 1
7 0 0 1 0 0 1 0 0 0
7 0 0 1 0 1 0 0 1 0
7 1 0 0 0 0 0 1 1 0
7 1 0 0 0 0 0 1 1 1
7 1 0 0 1 0 0 0 1 1
7 1 0 1 0 0 0 1 1 1
7 1 0 1 1 0 0 0 1 0
7 1 1 0 0 0 1 0 1 1
7 1 1 0 1 0 0 0 0 0
7 1 1 0 1 0 0 0 1 1
7 1 1 1 0 0 0 1 0 1
7 1 1 1 0 0 0 1 0 1
7 1 1 1 0 0 0 1 1 1
8 0 0 0 0 1 0 0 0 1
8 0 0 0 1 0 0 0 0 0
8 0 0 0 1 0 0 0 1 1
8 0 0 1 0 0 0 1 0 1
8 0 0 1 0 0 1 0 1 1
8 0 1 0 0 0 1 0 1 1
8 1 0 0 0 0 0 1 1 1
8 1 0 0 0 0 0 1 1 1
8 1 0 0 0 0 1 0 0 1
8 1 0 0 1 0 0 0 1 1
8 1 0 0 1 0 0 0 1 1
8 1 0 1 0 0 0 1 0 1
8 1 0 1 0 0 0 1 1 1
8 1 0 1 0 0 0 1 1 1
8 1 0 1 0 0 0 1 1 1
8 1 0 1 0 1 0 0 1 0
8 1 1 0 0 1 0 0 0 1
8 1 1 0 0 1 0 0 1 1
8 1 1 1 0 0 0 1 1 0
8 1 1 1 0 0 1 0 1 1
8 1 1 1 0 1 0 0 1 1
8 1 1 1 0 1 0 0 1 1
8 1 1 1 1 0 0 0 1 1
9 0 0 0 0 0 0 1 1 1
9 0 0 0 0 1 0 0 1 1
9 0 0 0 0 1 0 0 1 1
9 0 0 1 0 1 0 0 1 1
9 0 1 0 0 0 0 1 1 0
9 0 1 0 1 0 0 0 0 1
9 0 1 1 0 0 1 0 1 1
9 0 1 1 1 0 0 0 0 0
9 1 0 0 1 0 0 0 0 1
9 1 0 0 1 0 0 0 0 1
9 1 0 1 0 0 0 1 1 1
9 1 1 0 0 1 0 0 0 1
9 1 1 1 0 0 1 0 1 1
10 0 0 0 0 1 0 0 1 1
10 0 0 0 0 1 0 0 1 1
10 0 0 1 0 1 0 0 1 1
10 1 0 0 0 1 0 0 0 0
10 1 0 0 0 1 0 0 0 0
10 1 0 1 0 1 0 0 0 0
10 1 1 1 0 1 0 0 1 0
11 0 0 1 0 0 0 1 0 1
11 0 0 1 0 0 0 1 1 1
11 0 1 0 0 1 0 0 1 1
11 0 1 0 1 0 0 0 1 0
11 0 1 1 0 0 1 0 1 1
11 1 0 0 0 1 0 0 0 0
11 1 0 0 0 1 0 0 1 1
11 1 0 0 0 1 0 0 1 1
12 0 0 0 0 0 0 1 1 1
12 0 0 0 0 1 0 0 1 1
12 0 0 1 0 0 1 0 1 1
12 0 0 1 0 0 1 0 1 1
12 0 0 1 0 0 1 0 1 1
12 0 0 1 0 0 1 0 1 1
12 0 0 1 0 1 0 0 0 1
12 0 0 1 1 0 0 0 1 0
12 0 1 0 1 0 0 0 1 0
12 0 1 1 0 0 0 1 0 1
12 0 1 1 0 0 0 1 1 0
12 1 0 0 0 0 0 1 1 0
12 1 0 0 0 0 0 1 1 1
12 1 0 0 0 1 0 0 0 0
12 1 0 0 0 1 0 0 0 0
12 1 0 0 0 1 0 0 1 1
12 1 0 0 1 0 0 0 1 1
12 1 0 1 0 0 0 1 1 1
12 1 0 1 0 1 0 0 1 1
12 1 0 1 0 1 0 0 1 1
12 1 0 1 1 0 0 0 0 0
12 1 0 1 1 0 0 0 0 1
12 1 1 0 0 0 0 1 1 1
12 1 1 1 0 0 0 1 0 1
12 1 1 1 0 0 0 1 1 1
12 1 1 1 0 0 0 1 1 1
13 0 0 1 0 0 0 1 0 1
13 0 0 1 0 1 0 0 1 1
13 0 0 1 0 1 0 0 1 1
13 0 1 0 0 1 0 0 0 0
13 1 0 0 0 0 0 1 1 1
13 1 0 0 0 1 0 0 1 0
13 1 0 1 0 0 1 0 0 1
13 1 0 1 0 0 1 0 1 1
13 1 0 1 0 1 0 0 1 1
13 1 0 1 1 0 0 0 0 1
13 1 1 0 0 0 0 1 0 0
14 0 0 0 0 1 0 0 1 0
14 1 0 0 0 1 0 0 0 1
14 1 1 1 1 0 0 0 1 0
15 0 0 0 0 1 0 0 0 0
15 0 0 0 0 1 0 0 1 1
15 0 0 1 0 0 0 1 1 0
15 0 0 1 0 0 0 1 1 1
15 0 0 1 0 1 0 0 1 1
15 0 1 0 1 0 0 0 1 0
15 1 0 0 1 0 0 0 1 1
16 0 0 0 0 1 0 0 1 0
16 0 0 1 0 0 0 1 0 0
16 0 1 1 0 1 0 0 0 1
16 1 0 0 0 0 0 1 1 0
16 1 0 0 0 1 0 0 0 1
16 1 0 1 0 0 0 1 0 0
16 1 0 1 0 0 0 1 0 1
16 1 0 1 0 0 0 1 0 1
16 1 0 1 0 0 0 1 1 0
16 1 0 1 0 0 0 1 1 1
16 1 0 1 0 0 1 0 1 1
16 1 1 0 0 0 1 0 1 1
16 1 1 1 0 0 0 1 1 1
16 1 1 1 1 0 0 0 0 0
17 0 0 0 0 0 0 1 1 1
17 0 0 0 0 1 0 0 0 1
17 0 0 0 0 1 0 0 0 1
17 0 0 0 1 0 0 0 1 0
17 0 0 0 1 0 0 0 1 1
17 0 0 0 1 0 0 0 1 1
17 0 0 1 0 0 0 1 1 1
17 0 0 1 0 1 0 0 0 1
17 0 0 1 1 0 0 0 1 1
17 0 1 1 0 0 0 1 1 1
17 0 1 1 0 1 0 0 1 1
17 1 0 0 0 1 0 0 0 1
17 1 1 1 0 0 0 1 0 1
18 0 1 1 1 0 0 0 1 1
18 1 0 1 0 0 0 1 1 1
19 0 0 1 0 0 1 0 1 1
19 0 1 0 0 1 0 0 1 1
19 0 1 1 0 0 1 0 1 1
20 0 0 1 0 1 0 0 1 1
20 1 0 0 0 1 0 0 1 1
20 1 0 0 1 0 0 0 1 1
20 1 0 1 0 0 0 1 1 0
20 1 0 1 0 0 0 1 1 1
20 1 0 1 0 0 0 1 1 1
20 1 1 1 1 0 0 0 1 1
21 0 0 0 0 0 0 1 1 1
21 0 0 0 0 0 0 1 1 1
21 0 0 0 0 1 0 0 0 0
21 0 0 0 1 0 0 0 1 0
21 0 0 1 0 0 0 1 1 0
21 1 0 0 0 1 0 0 1 1
21 1 0 0 0 1 0 0 1 1
22 0 0 0 1 0 0 0 0 0
22 0 0 1 0 1 0 0 1 1
22 1 0 0 0 0 0 1 1 1
22 1 0 1 1 0 0 0 1 0
22 1 1 0 0 0 1 0 0 1
22 1 1 1 0 0 0 1 1 1
23 0 0 0 0 0 0 1 0 1
23 0 0 0 0 1 0 0 1 0
23 0 0 1 0 0 0 1 1 1
24 0 0 1 0 0 0 1 1 0
25 0 0 0 0 0 0 1 1 1
25 0 1 0 0 1 0 0 1 0
25 0 1 1 0 0 0 1 1 1
25 0 1 1 0 1 0 0 0 0
26 0 0 0 0 1 0 0 1 0
26 0 0 1 0 0 0 1 0 1
26 0 0 1 0 1 0 0 1 1
26 0 1 0 0 0 1 0 1 1
26 0 1 1 0 0 1 0 1 1
26 1 0 0 0 1 0 0 1 0
26 1 0 0 1 0 0 0 0 1
26 1 0 0 1 0 0 0 1 1
26 1 0 1 0 0 0 1 0 1
26 1 0 1 0 0 1 0 0 1
26 1 0 1 1 0 0 0 1 0
26 1 1 0 0 1 0 0 0 1
26 1 1 0 1 0 0 0 1 0
27 0 0 0 1 0 0 0 0 1
28 0 1 1 0 1 0 0 0 1
29 0 0 0 0 1 0 0 1 0
29 0 0 0 0 1 0 0 1 1
29 0 1 0 0 1 0 0 1 0
29 0 1 0 0 1 0 0 1 0
30 0 0 0 0 1 0 0 1 1
30 1 0 0 0 0 0 1 1 1
30 1 0 1 0 0 0 1 0 1
30 1 1 0 0 0 0 1 1 1
34 0 0 0 0 1 0 0 1 1
35 0 0 0 0 1 0 0 0 1
35 0 0 0 0 1 0 0 0 1
35 0 1 0 1 0 0 0 1 1
35 0 1 1 0 0 0 1 1 1
35 1 0 0 0 0 0 1 1 1
35 1 0 0 0 0 0 1 1 1
35 1 1 1 0 0 0 1 1 1
35 1 1 1 0 1 0 0 1 1
38 0 0 0 0 1 0 0 0 1
38 1 0 0 0 1 0 0 0 1
38 1 1 0 1 0 0 0 1 1
39 0 0 0 0 1 0 0 1 1
39 0 0 0 0 1 0 0 1 1
39 0 0 0 1 0 0 0 1 0
39 0 0 1 1 0 0 0 1 1
39 1 0 0 0 1 0 0 0 1
39 1 0 0 1 0 0 0 0 0
39 1 0 0 1 0 0 0 1 1
39 1 1 0 0 1 0 0 1 1
43 0 0 0 1 0 0 0 1 1
43 0 0 1 0 1 0 0 1 0
43 0 1 1 0 1 0 0 1 1
43 1 0 0 0 1 0 0 0 1
43 1 0 0 0 1 0 0 1 1
43 1 1 0 0 1 0 0 0 1
47 0 1 0 0 1 0 0 1 1
48 0 0 0 0 1 0 0 1 0
48 0 0 0 0 1 0 0 1 0
48 0 0 0 1 0 0 0 1 1
49 0 1 0 0 0 0 1 1 0
52 0 0 0 0 1 0 0 1 1
52 0 0 1 0 0 0 1 0 1
52 0 0 1 0 0 0 1 1 1
52 0 0 1 0 1 0 0 1 1
52 0 1 1 0 0 0 1 1 1
52 1 0 0 0 1 0 0 0 0
52 1 0 0 0 1 0 0 0 1
52 1 0 0 1 0 0 0 0 1
52 1 0 1 0 0 0 1 1 0
52 1 0 1 0 0 1 0 1 1
52 1 0 1 0 1 0 0 1 1
52 1 0 1 1 0 0 0 1 1
52 1 1 0 0 0 0 1 0 1
56 0 0 0 1 0 0 0 1 1
56 1 0 1 1 0 0 0 0 1
56 1 1 1 0 0 0 1 1 1
56 1 1 1 1 0 0 0 1 1
58 0 0 0 0 1 0 0 1 1
60 1 0 1 0 1 0 0 1 1
60 1 0 1 0 1 0 0 1 1
61 0 0 0 0 0 0 1 1 0
61 0 0 0 0 1 0 0 1 1
61 0 0 0 1 0 0 0 0 1
61 0 0 1 0 0 0 1 0 1
61 0 0 1 0 0 0 1 1 1
61 0 0 1 0 1 0 0 1 0
61 0 0 1 0 1 0 0 1 1
61 0 1 0 0 1 0 0 1 0
65 0 0 0 0 0 0 1 1 0
65 0 0 0 0 0 0 1 1 1
65 0 0 0 0 1 0 0 0 0
65 0 0 0 1 0 0 0 1 1
65 0 1 0 0 1 0 0 1 1
65 0 1 1 1 0 0 0 1 1
69 1 0 0 0 1 0 0 0 0
78 1 0 0 0 1 0 0 1 1
86 1 0 0 0 1 0 0 1 0
100 0 0 0 0 1 0 0 1 0
104 0 0 0 1 0 0 0 0 1
104 0 1 1 0 0 0 1 1 1
104 1 0 0 0 0 0 1 0 0
104 1 0 1 0 1 0 0 0 1
104 1 0 1 0 1 0 0 0 1
104 1 0 1 1 0 0 0 1 1
104 1 1 0 0 0 0 1 0 0
104 1 1 1 0 0 1 0 0 0
108 1 0 0 0 1 0 0 1 1
109 0 1 1 0 1 0 0 1 0
112 1 0 1 0 0 0 1 1 1
113 0 0 1 0 0 0 1 1 1
117 0 0 0 0 1 0 0 1 0
